*NODE    ; Nodes
; iNO, X, Y, Z
1,0,-0,-5
2,6,-0,-4.7
3,12,-0,-4.4
4,18,-0,-4.1
5,24,-0,-3.8
6,30,-0,-3.5
7,36,-0,-3.2
8,42,-0,-2.9
9,48,-0,-2.6
10,54,-0,-2.3
11,60,-0,-2
12,65,-0,-1.75
13,70,-0,-1.5
14,75,-0,-1.25
15,80,-0,-1
16,85,-0,-0.75
17,90,-0,-0.5
18,95,-0,-0.25
19,100,-0,0
20,106,-0,0.3
21,112,-0,0.6
22,118,-0,0.9
23,124,-0,1.2
24,130,-0,1.5
25,134.1741631,-0,1.708708155
26,136,-0,1.8
27,142,-0,2.1
28,148,-0,2.397
29,150,-0,2.491666667
30,154,-0,2.673
31,160,-0,2.925
32,166,-0,3.153
33,170,-0,3.291666667
34,172,-0,3.357
35,178,-0,3.537
36,180,-0,3.591666667
37,184,-0,3.693
38,190,-0,3.825
39,196,-0,3.933
40,200,-0,3.991666667
41,202,-0,4.017
42,208,-0,4.077
43,210,-0,4.091666667
44,215,-0,4.116666667
45,220,-0,4.125
46,225,-0,4.116666667
47,230,-0,4.091666667
48,232,-0,4.077
49,238,-0,4.017
50,240,-0,3.991666667
51,244,-0,3.933
52,250,-0,3.825
53,256,-0,3.693
54,260,-0,3.591666667
55,262,-0,3.537
56,268,-0,3.357
57,270,-0,3.291666667
58,274,-0,3.153
59,280,-0,2.925
60,286,-0,2.673
61,290,-0,2.491666667
62,292,-0,2.397
63,298,-0,2.1
64,304,-0,1.8
65,305.8258369,-0,1.708708155
66,310,-0,1.5
67,316,-0,1.2
68,322,-0,0.9
69,328,-0,0.6
70,334,-0,0.3
71,340,-0,0
72,345,-0,-0.25
73,350,-0,-0.5
74,355,-0,-0.75
75,360,-0,-1
76,365,-0,-1.25
77,370,-0,-1.5
78,375,-0,-1.75
79,380,-0,-2
80,386,-0,-2.3
81,392,-0,-2.6
82,398,-0,-2.9
83,404,-0,-3.2
84,410,-0,-3.5
85,416,-0,-3.8
86,422,-0,-4.1
87,428,-0,-4.4
88,434,-0,-4.7
89,440,-0,-5
90,100,-0,45
91,100,-0,40
92,100,-0,38.5
93,100,-0,37
94,100,-0,35.5
95,100,-0,34
96,100,-0,32.5
97,100,-0,31
98,100,-0,29.5
99,100,-0,28
100,100,-0,26.5
101,100,-0,25
102,100,-0,20
103,100,-0,15
104,100,-0,10
105,100,-0,5
106,100,-0,-5
107,100,-0,-10
108,100,-0,-15
109,100,-0,-22
110,340,-0,45
111,340,-0,40
112,340,-0,38.5
113,340,-0,37
114,340,-0,35.5
115,340,-0,34
116,340,-0,32.5
117,340,-0,31
118,340,-0,29.5
119,340,-0,28
120,340,-0,26.5
121,340,-0,25
122,340,-0,20
123,340,-0,15
124,340,-0,10
125,340,-0,5
126,340,-0,-5
127,340,-0,-10
128,340,-0,-15
129,340,-0,-22
130,100,-13.3,-22
131,111.525,-12.0232825,-13.48855
132,123.05,-10.931122,-6.20748
133,134.1741631,-10.03,-0.2
134,150,-8.9775415,6.81639
135,160,-8.4389875,10.40675
136,170,-7.9914145,13.39057
137,180,-7.6304935,15.79671
138,190,-7.352938,17.64708
139,200,-7.1563255,18.95783
140,210,-7.03915,19.739
141,220,-7,20
142,230,-7.03915,19.739
143,240,-7.1563255,18.95783
144,250,-7.352938,17.64708
145,260,-7.6304935,15.79671
146,270,-7.9914145,13.39057
147,280,-8.4389875,10.40675
148,290,-8.9775415,6.81639
149,305.8258369,-10.03,-0.2
150,316.95,-10.931122,-6.20748
151,328.475,-12.0232825,-13.48855
152,340,-13.3,-22
153,100,13.3,-22
154,111.525,12.0232825,-13.48855
155,123.05,10.931122,-6.20748
156,134.1741631,10.03,-0.2
157,150,8.9775415,6.81639
158,160,8.4389875,10.40675
159,170,7.9914145,13.39057
160,180,7.6304935,15.79671
161,190,7.352938,17.64708
162,200,7.1563255,18.95783
163,210,7.03915,19.739
164,220,7,20
165,230,7.03915,19.739
166,240,7.1563255,18.95783
167,250,7.352938,17.64708
168,260,7.6304935,15.79671
169,270,7.9914145,13.39057
170,280,8.4389875,10.40675
171,290,8.9775415,6.81639
172,305.8258369,10.03,-0.2
173,316.95,10.931122,-6.20748
174,328.475,12.0232825,-13.48855
175,340,13.3,-22
176,150,-10,2.491666667
177,160,-10,2.925
178,170,-10,3.291666667
179,180,-10,3.591666667
180,190,-10,3.825
181,200,-10,3.991666667
182,210,-10,4.091666667
183,220,-10,4.125
184,230,-10,4.091666667
185,240,-10,3.991666667
186,250,-10,3.825
187,260,-10,3.591666667
188,270,-10,3.291666667
189,280,-10,2.925
190,290,-10,2.491666667
191,150,10,2.491666667
192,160,10,2.925
193,170,10,3.291666667
194,180,10,3.591666667
195,190,10,3.825
196,200,10,3.991666667
197,210,10,4.091666667
198,220,10,4.125
199,230,10,4.091666667
200,240,10,3.991666667
201,250,10,3.825
202,260,10,3.591666667
203,270,10,3.291666667
204,280,10,2.925
205,290,10,2.491666667
206,134.1741631,-0,-0.2
207,305.8258369,-0,-0.2
208,100,-0,41.5
209,340,-0,41.5

*ELEMENT    ; Elements
; iEL, TYPE, iMAT, iPRO, iN1, iN2, ANGLE, iSUB,                     ; Frame  Element
1,Beam,7,1,1,2,0,0
2,Beam,7,1,2,3,0,0
3,Beam,7,1,3,4,0,0
4,Beam,7,1,4,5,0,0
5,Beam,7,1,5,6,0,0
6,Beam,7,1,6,7,0,0
7,Beam,7,1,7,8,0,0
8,Beam,7,1,8,9,0,0
9,Beam,7,1,9,10,0,0
10,Beam,7,1,10,11,0,0
11,Beam,7,1,11,12,0,0
12,Beam,7,1,12,13,0,0
13,Beam,7,1,13,14,0,0
14,Beam,7,1,14,15,0,0
15,Beam,7,1,15,16,0,0
16,Beam,7,1,16,17,0,0
17,Beam,7,1,17,18,0,0
18,Beam,7,1,18,19,0,0
19,Beam,7,1,19,20,0,0
20,Beam,7,1,20,21,0,0
21,Beam,7,1,21,22,0,0
22,Beam,7,1,22,23,0,0
23,Beam,7,1,23,24,0,0
24,Beam,7,1,24,25,0,0
25,Beam,7,1,25,26,0,0
26,Beam,7,1,26,27,0,0
27,Beam,7,1,27,28,0,0
28,Beam,7,1,28,29,0,0
29,Beam,7,1,29,30,0,0
30,Beam,7,1,30,31,0,0
31,Beam,7,1,31,32,0,0
32,Beam,7,1,32,33,0,0
33,Beam,7,1,33,34,0,0
34,Beam,7,1,34,35,0,0
35,Beam,7,1,35,36,0,0
36,Beam,7,1,36,37,0,0
37,Beam,7,1,37,38,0,0
38,Beam,7,1,38,39,0,0
39,Beam,7,1,39,40,0,0
40,Beam,7,1,40,41,0,0
41,Beam,7,1,41,42,0,0
42,Beam,7,1,42,43,0,0
43,Beam,7,1,43,44,0,0
44,Beam,7,1,44,45,0,0
45,Beam,7,1,45,46,0,0
46,Beam,7,1,46,47,0,0
47,Beam,7,1,47,48,0,0
48,Beam,7,1,48,49,0,0
49,Beam,7,1,49,50,0,0
50,Beam,7,1,50,51,0,0
51,Beam,7,1,51,52,0,0
52,Beam,7,1,52,53,0,0
53,Beam,7,1,53,54,0,0
54,Beam,7,1,54,55,0,0
55,Beam,7,1,55,56,0,0
56,Beam,7,1,56,57,0,0
57,Beam,7,1,57,58,0,0
58,Beam,7,1,58,59,0,0
59,Beam,7,1,59,60,0,0
60,Beam,7,1,60,61,0,0
61,Beam,7,1,61,62,0,0
62,Beam,7,1,62,63,0,0
63,Beam,7,1,63,64,0,0
64,Beam,7,1,64,65,0,0
65,Beam,7,1,65,66,0,0
66,Beam,7,1,66,67,0,0
67,Beam,7,1,67,68,0,0
68,Beam,7,1,68,69,0,0
69,Beam,7,1,69,70,0,0
70,Beam,7,1,70,71,0,0
71,Beam,7,1,71,72,0,0
72,Beam,7,1,72,73,0,0
73,Beam,7,1,73,74,0,0
74,Beam,7,1,74,75,0,0
75,Beam,7,1,75,76,0,0
76,Beam,7,1,76,77,0,0
77,Beam,7,1,77,78,0,0
78,Beam,7,1,78,79,0,0
79,Beam,7,1,79,80,0,0
80,Beam,7,1,80,81,0,0
81,Beam,7,1,81,82,0,0
82,Beam,7,1,82,83,0,0
83,Beam,7,1,83,84,0,0
84,Beam,7,1,84,85,0,0
85,Beam,7,1,85,86,0,0
86,Beam,7,1,86,87,0,0
87,Beam,7,1,87,88,0,0
88,Beam,7,1,88,89,0,0
89,Beam,5,2,90,208,180,0
90,Beam,5,2,208,91,180,0
91,Beam,5,2,91,92,180,0
92,Beam,5,2,92,93,180,0
93,Beam,5,2,93,94,180,0
94,Beam,5,2,94,95,180,0
95,Beam,5,2,95,96,180,0
96,Beam,5,2,96,97,180,0
97,Beam,5,2,97,98,180,0
98,Beam,5,2,98,99,180,0
99,Beam,5,2,99,100,180,0
100,Beam,5,3,100,101,180,0
101,Beam,5,3,101,102,180,0
102,Beam,5,3,102,103,180,0
103,Beam,5,3,103,104,180,0
104,Beam,5,3,104,105,180,0
105,Beam,5,3,105,19,180,0
106,Beam,5,3,19,106,180,0
107,Beam,5,3,106,107,180,0
108,Beam,5,3,107,108,180,0
109,Beam,5,3,108,109,180,0
110,Beam,5,2,110,209,180,0
111,Beam,5,2,209,111,180,0
112,Beam,5,2,111,112,180,0
113,Beam,5,2,112,113,180,0
114,Beam,5,2,113,114,180,0
115,Beam,5,2,114,115,180,0
116,Beam,5,2,115,116,180,0
117,Beam,5,2,116,117,180,0
118,Beam,5,2,117,118,180,0
119,Beam,5,2,118,119,180,0
120,Beam,5,2,119,120,180,0
121,Beam,5,3,120,121,180,0
122,Beam,5,3,121,122,180,0
123,Beam,5,3,122,123,180,0
124,Beam,5,3,123,124,180,0
125,Beam,5,3,124,125,180,0
126,Beam,5,3,125,71,180,0
127,Beam,5,3,71,126,180,0
128,Beam,5,3,126,127,180,0
129,Beam,5,3,127,128,180,0
130,Beam,5,3,128,129,180,0
131,Beam,4,4,2,91,0,0
132,Beam,4,5,3,92,0,0
133,Beam,4,6,4,93,0,0
134,Beam,4,7,5,94,0,0
135,Beam,4,7,6,95,0,0
136,Beam,4,7,7,96,0,0
137,Beam,4,7,8,97,0,0
138,Beam,4,7,9,98,0,0
139,Beam,4,8,10,99,0,0
140,Beam,4,6,11,100,0,0
141,Beam,4,9,28,100,0,0
142,Beam,4,7,30,99,0,0
143,Beam,4,7,31,98,0,0
144,Beam,4,7,32,97,0,0
145,Beam,4,7,34,96,0,0
146,Beam,4,7,35,95,0,0
147,Beam,4,8,37,94,0,0
148,Beam,4,8,38,93,0,0
149,Beam,4,5,39,92,0,0
150,Beam,4,5,41,91,0,0
151,Beam,4,5,49,111,0,0
152,Beam,4,5,51,112,0,0
153,Beam,4,8,52,113,0,0
154,Beam,4,8,53,114,0,0
155,Beam,4,7,55,115,0,0
156,Beam,4,7,56,116,0,0
157,Beam,4,7,58,117,0,0
158,Beam,4,7,59,118,0,0
159,Beam,4,7,60,119,0,0
160,Beam,4,9,62,120,0,0
161,Beam,4,6,79,120,0,0
162,Beam,4,8,80,119,0,0
163,Beam,4,7,81,118,0,0
164,Beam,4,7,82,117,0,0
165,Beam,4,7,83,116,0,0
166,Beam,4,7,84,115,0,0
167,Beam,4,7,85,114,0,0
168,Beam,4,6,86,113,0,0
169,Beam,4,5,87,112,0,0
170,Beam,4,4,88,111,0,0
171,Beam,6,10,130,131,0,0
172,Beam,6,10,131,132,0,0
173,Beam,6,10,132,133,0,0
174,Beam,6,10,133,134,0,0
175,Beam,6,10,134,135,0,0
176,Beam,6,10,135,136,0,0
177,Beam,6,10,136,137,0,0
178,Beam,6,10,137,138,0,0
179,Beam,6,10,138,139,0,0
180,Beam,6,10,139,140,0,0
181,Beam,6,10,140,141,0,0
182,Beam,6,10,141,142,0,0
183,Beam,6,10,142,143,0,0
184,Beam,6,10,143,144,0,0
185,Beam,6,10,144,145,0,0
186,Beam,6,10,145,146,0,0
187,Beam,6,10,146,147,0,0
188,Beam,6,10,147,148,0,0
189,Beam,6,10,148,149,0,0
190,Beam,6,10,149,150,0,0
191,Beam,6,10,150,151,0,0
192,Beam,6,10,151,152,0,0
193,Beam,6,10,153,154,0,0
194,Beam,6,10,154,155,0,0
195,Beam,6,10,155,156,0,0
196,Beam,6,10,156,157,0,0
197,Beam,6,10,157,158,0,0
198,Beam,6,10,158,159,0,0
199,Beam,6,10,159,160,0,0
200,Beam,6,10,160,161,0,0
201,Beam,6,10,161,162,0,0
202,Beam,6,10,162,163,0,0
203,Beam,6,10,163,164,0,0
204,Beam,6,10,164,165,0,0
205,Beam,6,10,165,166,0,0
206,Beam,6,10,166,167,0,0
207,Beam,6,10,167,168,0,0
208,Beam,6,10,168,169,0,0
209,Beam,6,10,169,170,0,0
210,Beam,6,10,170,171,0,0
211,Beam,6,10,171,172,0,0
212,Beam,6,10,172,173,0,0
213,Beam,6,10,173,174,0,0
214,Beam,6,10,174,175,0,0
215,Beam,4,11,134,176,0,0
216,Beam,4,11,135,177,0,0
217,Beam,4,11,136,178,0,0
218,Beam,4,11,137,179,0,0
219,Beam,4,11,138,180,0,0
220,Beam,4,11,139,181,0,0
221,Beam,4,11,140,182,0,0
222,Beam,4,11,141,183,0,0
223,Beam,4,11,142,184,0,0
224,Beam,4,11,143,185,0,0
225,Beam,4,11,144,186,0,0
226,Beam,4,11,145,187,0,0
227,Beam,4,11,146,188,0,0
228,Beam,4,11,147,189,0,0
229,Beam,4,11,148,190,0,0
230,Beam,4,11,157,191,0,0
231,Beam,4,11,158,192,0,0
232,Beam,4,11,159,193,0,0
233,Beam,4,11,160,194,0,0
234,Beam,4,11,161,195,0,0
235,Beam,4,11,162,196,0,0
236,Beam,4,11,163,197,0,0
237,Beam,4,11,164,198,0,0
238,Beam,4,11,165,199,0,0
239,Beam,4,11,166,200,0,0
240,Beam,4,11,167,201,0,0
241,Beam,4,11,168,202,0,0
242,Beam,4,11,169,203,0,0
243,Beam,4,11,170,204,0,0
244,Beam,4,11,171,205,0,0
245,Beam,8,12,133,206,0,0
246,Beam,8,12,176,29,0,0
247,Beam,8,12,177,31,0,0
248,Beam,8,12,178,33,0,0
249,Beam,8,12,179,36,0,0
250,Beam,8,12,180,38,0,0
251,Beam,8,12,181,40,0,0
252,Beam,8,12,182,43,0,0
253,Beam,8,12,183,45,0,0
254,Beam,8,12,184,47,0,0
255,Beam,8,12,185,50,0,0
256,Beam,8,12,186,52,0,0
257,Beam,8,12,187,54,0,0
258,Beam,8,12,188,57,0,0
259,Beam,8,12,189,59,0,0
260,Beam,8,12,190,61,0,0
261,Beam,8,12,149,207,0,0
262,Beam,8,12,156,206,0,0
263,Beam,8,12,191,29,0,0
264,Beam,8,12,192,31,0,0
265,Beam,8,12,193,33,0,0
266,Beam,8,12,194,36,0,0
267,Beam,8,12,195,38,0,0
268,Beam,8,12,196,40,0,0
269,Beam,8,12,197,43,0,0
270,Beam,8,12,198,45,0,0
271,Beam,8,12,199,47,0,0
272,Beam,8,12,200,50,0,0
273,Beam,8,12,201,52,0,0
274,Beam,8,12,202,54,0,0
275,Beam,8,12,203,57,0,0
276,Beam,8,12,204,59,0,0
277,Beam,8,12,205,61,0,0
278,Beam,8,12,172,207,0,0
279,Beam,5,13,134,157,0,0
280,Beam,5,13,135,158,0,0
281,Beam,5,13,136,159,0,0
282,Beam,5,13,137,160,0,0
283,Beam,5,13,138,161,0,0
284,Beam,5,13,139,162,0,0
285,Beam,5,13,140,163,0,0
286,Beam,5,13,141,164,0,0
287,Beam,5,13,142,165,0,0
288,Beam,5,13,143,166,0,0
289,Beam,5,13,144,167,0,0
290,Beam,5,13,145,168,0,0
291,Beam,5,13,146,169,0,0
292,Beam,5,13,147,170,0,0
293,Beam,5,13,148,171,0,0

*MATERIAL    ; Material
; iMAT, TYPE, MNAME, SPHEAT, HEATCO, PLAST, TUNIT, bMASS, DAMPRATIO, [DATA1]           ; STEEL, CONC, USER
; [DATA1] : 1, STANDARD, CODE/PRODUCT, DB, USEELAST, ELAST
; [DATA1] : 2, ELAST, POISN, THERMAL, DEN, MASS
1,USER,SD345,0,0,,C,NO,0.0,2,200000000,0.3,0.00001,77,0
2,USER,SM490,0,0,,C,NO,0.0,2,200000000,0.3,0.000012,77,0
3,USER,30 MPa,0,0,,C,NO,0.0,2,28000000,0.167,0.00001,24.5,0
4,USER,PWS(仮想),0,0,,C,NO,0.0,2,200000000,0.3,0.000012,0,0
5,USER,SM490Y,0,0,,C,NO,0.0,2,200000000,0.3,0.000012,0,0
6,USER,充填コンクリート,0,0,,C,NO,0.0,2,26500000,0.167,0.00001,0,0
7,USER,Material,0,0,,C,NO,0.0,2,200000000,0.3,0.000012,0,0
8,USER,Material~2,0,0,,C,NO,0.0,2,200000000,0.3,0.000012,0,0

*SECTION    ; Section
; iSEC, TYPE, SNAME, [OFFSET], bSD, bWE, SHAPE, BLT, D1, ..., D8, iCEL              ; 1st line - VALUE
;       AREA, ASy, ASz, Ixx, Iyy, Izz                                               ; 2nd line
;       CyP, CyM, CzP, CzM, QyB, QzB, PERI_OUT, PERI_IN, Cy, Cz                     ; 3rd line
;       Y1, Y2, Y3, Y4, Z1, Z2, Z3, Z4, Zyy, Zzz                                    ; 4th line
; [OFFSET] : OFFSET, iCENT, iREF, iHORZ, HUSER, iVERT, VUSER
1,VALUE,主桁(20m),CC,0,0,0,0,0,0,NO,NO,SB,BUILT,0,0,0,0,0,0,0,0,0
0.750640000000004,0,0,1.85808134124672,0.567347317271955,23.4884152550837
10.006,10.006,0.873874453799426,1.14212554620057,0,0,0,0,10.006,1.14212554620057
-10.006,10.006,10.006,-10.006,0.873874453799426,0.873874453799426,-1.14212554620057,-1.14212554620057,0,0
2,VALUE,主塔定着部2,CC,0,0,0,0,0,0,NO,NO,SB,BUILT,0,0,0,0,0,0,0,0,0
0.1449,0,0,7.79420322283179E-02,0.0438786315,7.26019682999997E-02
1.009,1.009,0.684,0.684,0,0,0,0,1.009,0.684
-1.009,1.009,1.009,-1.009,0.684,0.684,-0.684,-0.684,0,0
3,VALUE,主塔基部,CC,0,0,0,0,0,0,NO,NO,SB,BUILT,0,0,0,0,0,0,0,0,0
0.217799999999999,0,0,0.222613420072972,0.219795443999998,0.121203936599999
1.009,1.009,1.359,1.359,0,0,0,0,1.009,1.359
-1.009,1.009,1.009,-1.009,1.359,1.359,-1.359,-1.359,0,0
4,VALUE,PWS-163,CC,0,0,0,0,0,0,NO,NO,SB,BUILT,0,0,0,0,0,0,0,0,0
1.25522463279479E-02,0,0,2.49810429894747E-05,1.25382280567218E-05,1.25382280567218E-05
0.06321,0.06321,0.06321,0.06321,0,0,0,0,0.06321,0.06321
-0.06321,0.06321,0.06321,-0.06321,0.06321,0.06321,-0.06321,-0.06321,0,0
5,VALUE,PWS-151,CC,0,0,0,0,0,0,NO,NO,SB,BUILT,0,0,0,0,0,0,0,0,0
1.16286228001815E-02,0,0,2.14399726475539E-05,1.07609304662808E-05,1.07609304662808E-05
0.06084,0.06084,0.06084,0.06084,0,0,0,0,0.06084,0.06084
-0.06084,0.06084,0.06084,-0.06084,0.06084,0.06084,-0.06084,-0.06084,0,0
6,VALUE,PWS-121,CC,0,0,0,0,0,0,NO,NO,SB,BUILT,0,0,0,0,0,0,0,0,0
9.31762326190368E-03,0,0,1.37650550774297E-05,6.90881480996881E-06,6.90881480996881E-06
0.05446,0.05446,0.05446,0.05446,0,0,0,0,0.05446,0.05446
-0.05446,0.05446,0.05446,-0.05446,0.05446,0.05446,-0.05446,-0.05446,0,0
7,VALUE,PWS-85,CC,0,0,0,0,0,0,NO,NO,SB,BUILT,0,0,0,0,0,0,0,0,0
6.54396765671702E-03,0,0,6.7896900386539E-06,3.40781136219826E-06,3.40781136219826E-06
0.04564,0.04564,0.04564,0.04564,0,0,0,0,0.04564,0.04564
-0.04564,0.04564,0.04564,-0.04564,0.04564,0.04564,-0.04564,-0.04564,0,0
8,VALUE,PWS-109,CC,0,0,0,0,0,0,NO,NO,SB,BUILT,0,0,0,0,0,0,0,0,0
8.39388349520908E-03,0,0,1.11710381279551E-05,5.60685251363004E-06,5.60685251363004E-06
0.05169,0.05169,0.05169,0.05169,0,0,0,0,0.05169,0.05169
-0.05169,0.05169,0.05169,-0.05169,0.05169,0.05169,-0.05169,-0.05169,0,0
9,VALUE,PWS-91,CC,0,0,0,0,0,0,NO,NO,SB,BUILT,0,0,0,0,0,0,0,0,0
7.00786559520184E-03,0,0,7.78644441665116E-06,3.90809206357374E-06,3.90809206357374E-06
0.04723,0.04723,0.04723,0.04723,0,0,0,0,0.04723,0.04723
-0.04723,0.04723,0.04723,-0.04723,0.04723,0.04723,-0.04723,-0.04723,0,0
10,VALUE,アーチ・リブ2,CC,0,0,0,0,0,0,NO,NO,SB,BUILT,0,0,0,0,0,0,0,0,0
1.18854155878603,0,0,9.82839930479069E-02,9.75056079859138E-02,9.75056079859139E-02
0.5,0.5,0.5,0.5,0,0,0,0,0.5,0.5
-0.5,0.5,0.5,-0.5,0.5,0.5,-0.5,-0.5,0,0
11,VALUE,PWS-55,CC,0,0,0,0,0,0,NO,NO,SB,BUILT,0,0,0,0,0,0,0,0,0
4.23599284384609E-03,0,0,2.84497264915841E-06,1.42791939893436E-06,1.42791939893436E-06
0.03672,0.03672,0.03672,0.03672,0,0,0,0,0.03672,0.03672
-0.03672,0.03672,0.03672,-0.03672,0.03672,0.03672,-0.03672,-0.03672,0,0
12,VALUE,ダミー部材,CC,0,0,0,0,0,0,NO,NO,SB,BUILT,0,0,0,0,0,0,0,0,0
20,0,0,20,20,20
0,0,0,0,0,0,0,0,0,0
-0,0,0,-0,0,0,-0,-0,0,0
13,VALUE,横つなぎ材,CC,0,0,0,0,0,0,NO,NO,SB,BUILT,0,0,0,0,0,0,0,0,0
0.0372,0,0,3.19402105795499E-06,0.0121449296,9.95120000000001E-05
0.15,0.15,0.772,0.772,0,0,0,0,0.15,0.772
-0.15,0.15,0.15,-0.15,0.772,0.772,-0.772,-0.772,0,0

*CONSTRAINT    ; Supports
; NODE_LIST, CONST(Dx,Dy,Dz,Rx,Ry,Rz), GROUP
109,111111,
129,111111,
1,111101,
89,011101,
130,111111,
152,111111,
153,111111,
175,111111,

*STLDCASE    ; Static Load Cases
; LCNAME, LCTYPE, DESC
D,USER,
ケーブルプレストレス,USER,
L1,USER,
CT,USER,

*USE-STLD, D

*CONLOAD    ; Nodal Loads
; NODE_LIST, FX, FY, FZ, MX, MY, MZ, GROUP,STRTYPENAME
2,-0,0,-51.41,0.0, 0.0, 0.0,,
3,-0,0,-44.85,0.0, 0.0, 0.0,,
4,-0,0,-33.8,0.0, 0.0, 0.0,,
5,-0,0,-21.97,0.0, 0.0, 0.0,,
6,-0,0,-20.38,0.0, 0.0, 0.0,,
7,-0,0,-18.8,0.0, 0.0, 0.0,,
8,-0,0,-17.23,0.0, 0.0, 0.0,,
9,-0,0,-15.66,0.0, 0.0, 0.0,,
10,-0,0,-18.28,0.0, 0.0, 0.0,,
11,-0,0,-18.03,0.0, 0.0, 0.0,,
208,-0,0,-51.41,0.0, 0.0, 0.0,,
91,-0,0,-51.41,0.0, 0.0, 0.0,,
92,-0,0,-44.85,0.0, 0.0, 0.0,,
93,-0,0,-33.8,0.0, 0.0, 0.0,,
94,-0,0,-21.97,0.0, 0.0, 0.0,,
95,-0,0,-20.38,0.0, 0.0, 0.0,,
96,-0,0,-18.8,0.0, 0.0, 0.0,,
97,-0,0,-17.23,0.0, 0.0, 0.0,,
98,-0,0,-15.66,0.0, 0.0, 0.0,,
99,-0,0,-18.28,0.0, 0.0, 0.0,,
100,-0,0,-18.03,0.0, 0.0, 0.0,,
28,-0,0,-12.54,0.0, 0.0, 0.0,,
30,-0,0,-13.22,0.0, 0.0, 0.0,,
31,-0,0,-14.76,0.0, 0.0, 0.0,,
32,-0,0,-16.31,0.0, 0.0, 0.0,,
34,-0,0,-17.87,0.0, 0.0, 0.0,,
35,-0,0,-19.45,0.0, 0.0, 0.0,,
37,-0,0,-27.25,0.0, 0.0, 0.0,,
38,-0,0,-29.3,0.0, 0.0, 0.0,,
39,-0,0,-43.15,0.0, 0.0, 0.0,,
41,-0,0,-45.99,0.0, 0.0, 0.0,,
100,-0,0,-12.54,0.0, 0.0, 0.0,,
99,-0,0,-13.22,0.0, 0.0, 0.0,,
98,-0,0,-14.76,0.0, 0.0, 0.0,,
97,-0,0,-16.31,0.0, 0.0, 0.0,,
96,-0,0,-17.87,0.0, 0.0, 0.0,,
95,-0,0,-19.45,0.0, 0.0, 0.0,,
94,-0,0,-27.25,0.0, 0.0, 0.0,,
93,-0,0,-29.3,0.0, 0.0, 0.0,,
92,-0,0,-43.15,0.0, 0.0, 0.0,,
91,-0,0,-45.99,0.0, 0.0, 0.0,,
208,-0,0,-45.99,0.0, 0.0, 0.0,,
49,-0,0,-45.99,0.0, 0.0, 0.0,,
51,-0,0,-43.15,0.0, 0.0, 0.0,,
52,-0,0,-29.3,0.0, 0.0, 0.0,,
53,-0,0,-27.25,0.0, 0.0, 0.0,,
55,-0,0,-19.45,0.0, 0.0, 0.0,,
56,-0,0,-17.87,0.0, 0.0, 0.0,,
58,-0,0,-16.31,0.0, 0.0, 0.0,,
59,-0,0,-14.76,0.0, 0.0, 0.0,,
60,-0,0,-13.22,0.0, 0.0, 0.0,,
62,-0,0,-12.54,0.0, 0.0, 0.0,,
111,-0,0,-45.99,0.0, 0.0, 0.0,,
209,-0,0,-45.99,0.0, 0.0, 0.0,,
112,-0,0,-43.15,0.0, 0.0, 0.0,,
113,-0,0,-29.3,0.0, 0.0, 0.0,,
114,-0,0,-27.25,0.0, 0.0, 0.0,,
115,-0,0,-19.45,0.0, 0.0, 0.0,,
116,-0,0,-17.87,0.0, 0.0, 0.0,,
117,-0,0,-16.31,0.0, 0.0, 0.0,,
118,-0,0,-14.76,0.0, 0.0, 0.0,,
119,-0,0,-13.22,0.0, 0.0, 0.0,,
120,-0,0,-12.54,0.0, 0.0, 0.0,,
79,-0,0,-18.03,0.0, 0.0, 0.0,,
80,-0,0,-18.28,0.0, 0.0, 0.0,,
81,-0,0,-15.66,0.0, 0.0, 0.0,,
82,-0,0,-17.23,0.0, 0.0, 0.0,,
83,-0,0,-18.8,0.0, 0.0, 0.0,,
84,-0,0,-20.38,0.0, 0.0, 0.0,,
85,-0,0,-21.97,0.0, 0.0, 0.0,,
86,-0,0,-33.8,0.0, 0.0, 0.0,,
87,-0,0,-44.85,0.0, 0.0, 0.0,,
88,-0,0,-51.41,0.0, 0.0, 0.0,,
120,-0,0,-18.03,0.0, 0.0, 0.0,,
119,-0,0,-18.28,0.0, 0.0, 0.0,,
118,-0,0,-15.66,0.0, 0.0, 0.0,,
117,-0,0,-17.23,0.0, 0.0, 0.0,,
116,-0,0,-18.8,0.0, 0.0, 0.0,,
115,-0,0,-20.38,0.0, 0.0, 0.0,,
114,-0,0,-21.97,0.0, 0.0, 0.0,,
113,-0,0,-33.8,0.0, 0.0, 0.0,,
112,-0,0,-44.85,0.0, 0.0, 0.0,,
111,-0,0,-51.41,0.0, 0.0, 0.0,,
209,-0,0,-51.41,0.0, 0.0, 0.0,,
134,-0,0,-0.34,0.0, 0.0, 0.0,,
135,-0,0,-0.52,0.0, 0.0, 0.0,,
136,-0,0,-0.66,0.0, 0.0, 0.0,,
137,-0,0,-0.78,0.0, 0.0, 0.0,,
138,-0,0,-0.87,0.0, 0.0, 0.0,,
139,-0,0,-0.94,0.0, 0.0, 0.0,,
140,-0,0,-0.98,0.0, 0.0, 0.0,,
141,-0,0,-0.99,0.0, 0.0, 0.0,,
142,-0,0,-0.98,0.0, 0.0, 0.0,,
143,-0,0,-0.94,0.0, 0.0, 0.0,,
144,-0,0,-0.87,0.0, 0.0, 0.0,,
145,-0,0,-0.78,0.0, 0.0, 0.0,,
146,-0,0,-0.66,0.0, 0.0, 0.0,,
147,-0,0,-0.52,0.0, 0.0, 0.0,,
148,-0,0,-0.34,0.0, 0.0, 0.0,,
176,-0,0,-0.34,0.0, 0.0, 0.0,,
177,-0,0,-0.52,0.0, 0.0, 0.0,,
178,-0,0,-0.66,0.0, 0.0, 0.0,,
179,-0,0,-0.78,0.0, 0.0, 0.0,,
180,-0,0,-0.87,0.0, 0.0, 0.0,,
181,-0,0,-0.94,0.0, 0.0, 0.0,,
182,-0,0,-0.98,0.0, 0.0, 0.0,,
183,-0,0,-0.99,0.0, 0.0, 0.0,,
184,-0,0,-0.98,0.0, 0.0, 0.0,,
185,-0,0,-0.94,0.0, 0.0, 0.0,,
186,-0,0,-0.87,0.0, 0.0, 0.0,,
187,-0,0,-0.78,0.0, 0.0, 0.0,,
188,-0,0,-0.66,0.0, 0.0, 0.0,,
189,-0,0,-0.52,0.0, 0.0, 0.0,,
190,-0,0,-0.34,0.0, 0.0, 0.0,,
157,-0,0,-0.34,0.0, 0.0, 0.0,,
158,-0,0,-0.52,0.0, 0.0, 0.0,,
159,-0,0,-0.66,0.0, 0.0, 0.0,,
160,-0,0,-0.78,0.0, 0.0, 0.0,,
161,-0,0,-0.87,0.0, 0.0, 0.0,,
162,-0,0,-0.94,0.0, 0.0, 0.0,,
163,-0,0,-0.98,0.0, 0.0, 0.0,,
164,-0,0,-0.99,0.0, 0.0, 0.0,,
165,-0,0,-0.98,0.0, 0.0, 0.0,,
166,-0,0,-0.94,0.0, 0.0, 0.0,,
167,-0,0,-0.87,0.0, 0.0, 0.0,,
168,-0,0,-0.78,0.0, 0.0, 0.0,,
169,-0,0,-0.66,0.0, 0.0, 0.0,,
170,-0,0,-0.52,0.0, 0.0, 0.0,,
171,-0,0,-0.34,0.0, 0.0, 0.0,,
191,-0,0,-0.34,0.0, 0.0, 0.0,,
192,-0,0,-0.52,0.0, 0.0, 0.0,,
193,-0,0,-0.66,0.0, 0.0, 0.0,,
194,-0,0,-0.78,0.0, 0.0, 0.0,,
195,-0,0,-0.87,0.0, 0.0, 0.0,,
196,-0,0,-0.94,0.0, 0.0, 0.0,,
197,-0,0,-0.98,0.0, 0.0, 0.0,,
198,-0,0,-0.99,0.0, 0.0, 0.0,,
199,-0,0,-0.98,0.0, 0.0, 0.0,,
200,-0,0,-0.94,0.0, 0.0, 0.0,,
201,-0,0,-0.87,0.0, 0.0, 0.0,,
202,-0,0,-0.78,0.0, 0.0, 0.0,,
203,-0,0,-0.66,0.0, 0.0, 0.0,,
204,-0,0,-0.52,0.0, 0.0, 0.0,,
205,-0,0,-0.34,0.0, 0.0, 0.0,,

; End of data for load case [D] -------------------------

*USE-STLD, D

*BEAMLOAD    ; Element Beam Loads
; ELEM_LIST, CMD, TYPE, DIR, bPROJ, [ECCEN], [VALUE], GROUP
; ELEM_LIST, CMD, TYPE, TYPE, DIR, VX, VY, VZ, bPROJ, [ECCEN], [VALUE], GROUP
; [VALUE]       : D1, P1, D2, P2, D3, P3, D4, P4
; [ECCEN]       : bECCEN, ECCDIR, I-END, J-END, bJ-END
; [ADDITIONAL]  : bADDITIONAL, ADDITIONAL_I-END, ADDITIONAL_J-END, bADDITIONAL_J-END
1,LINE,UNILOAD,GZ,NO,NO,,,,,0,-57.8,1,-57.79928, 0, 0, 0, 0,, NO, 0, 0, NO,
2,LINE,UNILOAD,GZ,NO,NO,,,,,0,-57.8,1,-57.79928, 0, 0, 0, 0,, NO, 0, 0, NO,
3,LINE,UNILOAD,GZ,NO,NO,,,,,0,-57.8,1,-57.79928, 0, 0, 0, 0,, NO, 0, 0, NO,
4,LINE,UNILOAD,GZ,NO,NO,,,,,0,-57.8,1,-57.79928, 0, 0, 0, 0,, NO, 0, 0, NO,
5,LINE,UNILOAD,GZ,NO,NO,,,,,0,-57.8,1,-57.79928, 0, 0, 0, 0,, NO, 0, 0, NO,
6,LINE,UNILOAD,GZ,NO,NO,,,,,0,-57.8,1,-57.79928, 0, 0, 0, 0,, NO, 0, 0, NO,
7,LINE,UNILOAD,GZ,NO,NO,,,,,0,-57.8,1,-57.79928, 0, 0, 0, 0,, NO, 0, 0, NO,
8,LINE,UNILOAD,GZ,NO,NO,,,,,0,-57.8,1,-57.79928, 0, 0, 0, 0,, NO, 0, 0, NO,
9,LINE,UNILOAD,GZ,NO,NO,,,,,0,-57.8,1,-57.79928, 0, 0, 0, 0,, NO, 0, 0, NO,
10,LINE,UNILOAD,GZ,NO,NO,,,,,0,-57.8,1,-57.79928, 0, 0, 0, 0,, NO, 0, 0, NO,
11,LINE,UNILOAD,GZ,NO,NO,,,,,0,-57.8,1,-57.79928, 0, 0, 0, 0,, NO, 0, 0, NO,
12,LINE,UNILOAD,GZ,NO,NO,,,,,0,-57.8,1,-57.79928, 0, 0, 0, 0,, NO, 0, 0, NO,
13,LINE,UNILOAD,GZ,NO,NO,,,,,0,-57.8,1,-57.79928, 0, 0, 0, 0,, NO, 0, 0, NO,
14,LINE,UNILOAD,GZ,NO,NO,,,,,0,-57.8,1,-57.79928, 0, 0, 0, 0,, NO, 0, 0, NO,
15,LINE,UNILOAD,GZ,NO,NO,,,,,0,-57.8,1,-57.79928, 0, 0, 0, 0,, NO, 0, 0, NO,
16,LINE,UNILOAD,GZ,NO,NO,,,,,0,-57.8,1,-57.79928, 0, 0, 0, 0,, NO, 0, 0, NO,
17,LINE,UNILOAD,GZ,NO,NO,,,,,0,-57.8,1,-57.79928, 0, 0, 0, 0,, NO, 0, 0, NO,
18,LINE,UNILOAD,GZ,NO,NO,,,,,0,-57.8,1,-57.79928, 0, 0, 0, 0,, NO, 0, 0, NO,
19,LINE,UNILOAD,GZ,NO,NO,,,,,0,-57.8,1,-57.79928, 0, 0, 0, 0,, NO, 0, 0, NO,
20,LINE,UNILOAD,GZ,NO,NO,,,,,0,-57.8,1,-57.79928, 0, 0, 0, 0,, NO, 0, 0, NO,
21,LINE,UNILOAD,GZ,NO,NO,,,,,0,-57.8,1,-57.79928, 0, 0, 0, 0,, NO, 0, 0, NO,
22,LINE,UNILOAD,GZ,NO,NO,,,,,0,-57.8,1,-57.79928, 0, 0, 0, 0,, NO, 0, 0, NO,
23,LINE,UNILOAD,GZ,NO,NO,,,,,0,-57.8,1,-57.79928, 0, 0, 0, 0,, NO, 0, 0, NO,
24,LINE,UNILOAD,GZ,NO,NO,,,,,0,-57.8,1,-57.79928, 0, 0, 0, 0,, NO, 0, 0, NO,
25,LINE,UNILOAD,GZ,NO,NO,,,,,0,-57.8,1,-57.79928, 0, 0, 0, 0,, NO, 0, 0, NO,
26,LINE,UNILOAD,GZ,NO,NO,,,,,0,-57.8,1,-57.79928, 0, 0, 0, 0,, NO, 0, 0, NO,
27,LINE,UNILOAD,GZ,NO,NO,,,,,0,-57.8,1,-57.79928, 0, 0, 0, 0,, NO, 0, 0, NO,
28,LINE,UNILOAD,GZ,NO,NO,,,,,0,-57.8,1,-57.79928, 0, 0, 0, 0,, NO, 0, 0, NO,
29,LINE,UNILOAD,GZ,NO,NO,,,,,0,-57.8,1,-57.79928, 0, 0, 0, 0,, NO, 0, 0, NO,
30,LINE,UNILOAD,GZ,NO,NO,,,,,0,-57.8,1,-57.79928, 0, 0, 0, 0,, NO, 0, 0, NO,
31,LINE,UNILOAD,GZ,NO,NO,,,,,0,-57.8,1,-57.79928, 0, 0, 0, 0,, NO, 0, 0, NO,
32,LINE,UNILOAD,GZ,NO,NO,,,,,0,-57.8,1,-57.79928, 0, 0, 0, 0,, NO, 0, 0, NO,
33,LINE,UNILOAD,GZ,NO,NO,,,,,0,-57.8,1,-57.79928, 0, 0, 0, 0,, NO, 0, 0, NO,
34,LINE,UNILOAD,GZ,NO,NO,,,,,0,-57.8,1,-57.79928, 0, 0, 0, 0,, NO, 0, 0, NO,
35,LINE,UNILOAD,GZ,NO,NO,,,,,0,-57.8,1,-57.79928, 0, 0, 0, 0,, NO, 0, 0, NO,
36,LINE,UNILOAD,GZ,NO,NO,,,,,0,-57.8,1,-57.79928, 0, 0, 0, 0,, NO, 0, 0, NO,
37,LINE,UNILOAD,GZ,NO,NO,,,,,0,-57.8,1,-57.79928, 0, 0, 0, 0,, NO, 0, 0, NO,
38,LINE,UNILOAD,GZ,NO,NO,,,,,0,-57.8,1,-57.79928, 0, 0, 0, 0,, NO, 0, 0, NO,
39,LINE,UNILOAD,GZ,NO,NO,,,,,0,-57.8,1,-57.79928, 0, 0, 0, 0,, NO, 0, 0, NO,
40,LINE,UNILOAD,GZ,NO,NO,,,,,0,-57.8,1,-57.79928, 0, 0, 0, 0,, NO, 0, 0, NO,
41,LINE,UNILOAD,GZ,NO,NO,,,,,0,-57.8,1,-57.79928, 0, 0, 0, 0,, NO, 0, 0, NO,
42,LINE,UNILOAD,GZ,NO,NO,,,,,0,-57.8,1,-57.79928, 0, 0, 0, 0,, NO, 0, 0, NO,
43,LINE,UNILOAD,GZ,NO,NO,,,,,0,-57.8,1,-57.79928, 0, 0, 0, 0,, NO, 0, 0, NO,
44,LINE,UNILOAD,GZ,NO,NO,,,,,0,-57.8,1,-57.79928, 0, 0, 0, 0,, NO, 0, 0, NO,
45,LINE,UNILOAD,GZ,NO,NO,,,,,0,-57.8,1,-57.79928, 0, 0, 0, 0,, NO, 0, 0, NO,
46,LINE,UNILOAD,GZ,NO,NO,,,,,0,-57.8,1,-57.79928, 0, 0, 0, 0,, NO, 0, 0, NO,
47,LINE,UNILOAD,GZ,NO,NO,,,,,0,-57.8,1,-57.79928, 0, 0, 0, 0,, NO, 0, 0, NO,
48,LINE,UNILOAD,GZ,NO,NO,,,,,0,-57.8,1,-57.79928, 0, 0, 0, 0,, NO, 0, 0, NO,
49,LINE,UNILOAD,GZ,NO,NO,,,,,0,-57.8,1,-57.79928, 0, 0, 0, 0,, NO, 0, 0, NO,
50,LINE,UNILOAD,GZ,NO,NO,,,,,0,-57.8,1,-57.79928, 0, 0, 0, 0,, NO, 0, 0, NO,
51,LINE,UNILOAD,GZ,NO,NO,,,,,0,-57.8,1,-57.79928, 0, 0, 0, 0,, NO, 0, 0, NO,
52,LINE,UNILOAD,GZ,NO,NO,,,,,0,-57.8,1,-57.79928, 0, 0, 0, 0,, NO, 0, 0, NO,
53,LINE,UNILOAD,GZ,NO,NO,,,,,0,-57.8,1,-57.79928, 0, 0, 0, 0,, NO, 0, 0, NO,
54,LINE,UNILOAD,GZ,NO,NO,,,,,0,-57.8,1,-57.79928, 0, 0, 0, 0,, NO, 0, 0, NO,
55,LINE,UNILOAD,GZ,NO,NO,,,,,0,-57.8,1,-57.79928, 0, 0, 0, 0,, NO, 0, 0, NO,
56,LINE,UNILOAD,GZ,NO,NO,,,,,0,-57.8,1,-57.79928, 0, 0, 0, 0,, NO, 0, 0, NO,
57,LINE,UNILOAD,GZ,NO,NO,,,,,0,-57.8,1,-57.79928, 0, 0, 0, 0,, NO, 0, 0, NO,
58,LINE,UNILOAD,GZ,NO,NO,,,,,0,-57.8,1,-57.79928, 0, 0, 0, 0,, NO, 0, 0, NO,
59,LINE,UNILOAD,GZ,NO,NO,,,,,0,-57.8,1,-57.79928, 0, 0, 0, 0,, NO, 0, 0, NO,
60,LINE,UNILOAD,GZ,NO,NO,,,,,0,-57.8,1,-57.79928, 0, 0, 0, 0,, NO, 0, 0, NO,
61,LINE,UNILOAD,GZ,NO,NO,,,,,0,-57.8,1,-57.79928, 0, 0, 0, 0,, NO, 0, 0, NO,
62,LINE,UNILOAD,GZ,NO,NO,,,,,0,-57.8,1,-57.79928, 0, 0, 0, 0,, NO, 0, 0, NO,
63,LINE,UNILOAD,GZ,NO,NO,,,,,0,-57.8,1,-57.79928, 0, 0, 0, 0,, NO, 0, 0, NO,
64,LINE,UNILOAD,GZ,NO,NO,,,,,0,-57.8,1,-57.79928, 0, 0, 0, 0,, NO, 0, 0, NO,
65,LINE,UNILOAD,GZ,NO,NO,,,,,0,-57.8,1,-57.79928, 0, 0, 0, 0,, NO, 0, 0, NO,
66,LINE,UNILOAD,GZ,NO,NO,,,,,0,-57.8,1,-57.79928, 0, 0, 0, 0,, NO, 0, 0, NO,
67,LINE,UNILOAD,GZ,NO,NO,,,,,0,-57.8,1,-57.79928, 0, 0, 0, 0,, NO, 0, 0, NO,
68,LINE,UNILOAD,GZ,NO,NO,,,,,0,-57.8,1,-57.79928, 0, 0, 0, 0,, NO, 0, 0, NO,
69,LINE,UNILOAD,GZ,NO,NO,,,,,0,-57.8,1,-57.79928, 0, 0, 0, 0,, NO, 0, 0, NO,
70,LINE,UNILOAD,GZ,NO,NO,,,,,0,-57.8,1,-57.79928, 0, 0, 0, 0,, NO, 0, 0, NO,
71,LINE,UNILOAD,GZ,NO,NO,,,,,0,-57.8,1,-57.79928, 0, 0, 0, 0,, NO, 0, 0, NO,
72,LINE,UNILOAD,GZ,NO,NO,,,,,0,-57.8,1,-57.79928, 0, 0, 0, 0,, NO, 0, 0, NO,
73,LINE,UNILOAD,GZ,NO,NO,,,,,0,-57.8,1,-57.79928, 0, 0, 0, 0,, NO, 0, 0, NO,
74,LINE,UNILOAD,GZ,NO,NO,,,,,0,-57.8,1,-57.79928, 0, 0, 0, 0,, NO, 0, 0, NO,
75,LINE,UNILOAD,GZ,NO,NO,,,,,0,-57.8,1,-57.79928, 0, 0, 0, 0,, NO, 0, 0, NO,
76,LINE,UNILOAD,GZ,NO,NO,,,,,0,-57.8,1,-57.79928, 0, 0, 0, 0,, NO, 0, 0, NO,
77,LINE,UNILOAD,GZ,NO,NO,,,,,0,-57.8,1,-57.79928, 0, 0, 0, 0,, NO, 0, 0, NO,
78,LINE,UNILOAD,GZ,NO,NO,,,,,0,-57.8,1,-57.79928, 0, 0, 0, 0,, NO, 0, 0, NO,
79,LINE,UNILOAD,GZ,NO,NO,,,,,0,-57.8,1,-57.79928, 0, 0, 0, 0,, NO, 0, 0, NO,
80,LINE,UNILOAD,GZ,NO,NO,,,,,0,-57.8,1,-57.79928, 0, 0, 0, 0,, NO, 0, 0, NO,
81,LINE,UNILOAD,GZ,NO,NO,,,,,0,-57.8,1,-57.79928, 0, 0, 0, 0,, NO, 0, 0, NO,
82,LINE,UNILOAD,GZ,NO,NO,,,,,0,-57.8,1,-57.79928, 0, 0, 0, 0,, NO, 0, 0, NO,
83,LINE,UNILOAD,GZ,NO,NO,,,,,0,-57.8,1,-57.79928, 0, 0, 0, 0,, NO, 0, 0, NO,
84,LINE,UNILOAD,GZ,NO,NO,,,,,0,-57.8,1,-57.79928, 0, 0, 0, 0,, NO, 0, 0, NO,
85,LINE,UNILOAD,GZ,NO,NO,,,,,0,-57.8,1,-57.79928, 0, 0, 0, 0,, NO, 0, 0, NO,
86,LINE,UNILOAD,GZ,NO,NO,,,,,0,-57.8,1,-57.79928, 0, 0, 0, 0,, NO, 0, 0, NO,
87,LINE,UNILOAD,GZ,NO,NO,,,,,0,-57.8,1,-57.79928, 0, 0, 0, 0,, NO, 0, 0, NO,
88,LINE,UNILOAD,GZ,NO,NO,,,,,0,-57.8,1,-57.79928, 0, 0, 0, 0,, NO, 0, 0, NO,
90,LINE,UNILOAD,GZ,NO,NO,,,,,0,-16.77,1,-16.77, 0, 0, 0, 0,, NO, 0, 0, NO,
91,LINE,UNILOAD,GZ,NO,NO,,,,,0,-16.77,1,-16.77, 0, 0, 0, 0,, NO, 0, 0, NO,
92,LINE,UNILOAD,GZ,NO,NO,,,,,0,-16.77,1,-16.77, 0, 0, 0, 0,, NO, 0, 0, NO,
93,LINE,UNILOAD,GZ,NO,NO,,,,,0,-16.77,1,-16.77, 0, 0, 0, 0,, NO, 0, 0, NO,
94,LINE,UNILOAD,GZ,NO,NO,,,,,0,-16.77,1,-16.77, 0, 0, 0, 0,, NO, 0, 0, NO,
95,LINE,UNILOAD,GZ,NO,NO,,,,,0,-16.77,1,-16.77, 0, 0, 0, 0,, NO, 0, 0, NO,
96,LINE,UNILOAD,GZ,NO,NO,,,,,0,-16.77,1,-16.77, 0, 0, 0, 0,, NO, 0, 0, NO,
97,LINE,UNILOAD,GZ,NO,NO,,,,,0,-16.77,1,-16.77, 0, 0, 0, 0,, NO, 0, 0, NO,
98,LINE,UNILOAD,GZ,NO,NO,,,,,0,-16.77,1,-16.77, 0, 0, 0, 0,, NO, 0, 0, NO,
99,LINE,UNILOAD,GZ,NO,NO,,,,,0,-16.77,1,-16.77, 0, 0, 0, 0,, NO, 0, 0, NO,
100,LINE,UNILOAD,GZ,NO,NO,,,,,0,-16.77,1,-16.77, 0, 0, 0, 0,, NO, 0, 0, NO,
101,LINE,UNILOAD,GZ,NO,NO,,,,,0,-16.77,1,-16.77, 0, 0, 0, 0,, NO, 0, 0, NO,
102,LINE,UNILOAD,GZ,NO,NO,,,,,0,-16.77,1,-16.77, 0, 0, 0, 0,, NO, 0, 0, NO,
103,LINE,UNILOAD,GZ,NO,NO,,,,,0,-16.77,1,-16.77, 0, 0, 0, 0,, NO, 0, 0, NO,
104,LINE,UNILOAD,GZ,NO,NO,,,,,0,-16.77,1,-16.77, 0, 0, 0, 0,, NO, 0, 0, NO,
105,LINE,UNILOAD,GZ,NO,NO,,,,,0,-16.77,1,-16.77, 0, 0, 0, 0,, NO, 0, 0, NO,
106,LINE,UNILOAD,GZ,NO,NO,,,,,0,-16.77,1,-16.77, 0, 0, 0, 0,, NO, 0, 0, NO,
107,LINE,UNILOAD,GZ,NO,NO,,,,,0,-16.77,1,-16.77, 0, 0, 0, 0,, NO, 0, 0, NO,
108,LINE,UNILOAD,GZ,NO,NO,,,,,0,-16.77,1,-16.77, 0, 0, 0, 0,, NO, 0, 0, NO,
109,LINE,UNILOAD,GZ,NO,NO,,,,,0,-16.77,1,-16.77, 0, 0, 0, 0,, NO, 0, 0, NO,
111,LINE,UNILOAD,GZ,NO,NO,,,,,0,-16.77,1,-16.77, 0, 0, 0, 0,, NO, 0, 0, NO,
112,LINE,UNILOAD,GZ,NO,NO,,,,,0,-16.77,1,-16.77, 0, 0, 0, 0,, NO, 0, 0, NO,
113,LINE,UNILOAD,GZ,NO,NO,,,,,0,-16.77,1,-16.77, 0, 0, 0, 0,, NO, 0, 0, NO,
114,LINE,UNILOAD,GZ,NO,NO,,,,,0,-16.77,1,-16.77, 0, 0, 0, 0,, NO, 0, 0, NO,
115,LINE,UNILOAD,GZ,NO,NO,,,,,0,-16.77,1,-16.77, 0, 0, 0, 0,, NO, 0, 0, NO,
116,LINE,UNILOAD,GZ,NO,NO,,,,,0,-16.77,1,-16.77, 0, 0, 0, 0,, NO, 0, 0, NO,
117,LINE,UNILOAD,GZ,NO,NO,,,,,0,-16.77,1,-16.77, 0, 0, 0, 0,, NO, 0, 0, NO,
118,LINE,UNILOAD,GZ,NO,NO,,,,,0,-16.77,1,-16.77, 0, 0, 0, 0,, NO, 0, 0, NO,
119,LINE,UNILOAD,GZ,NO,NO,,,,,0,-16.77,1,-16.77, 0, 0, 0, 0,, NO, 0, 0, NO,
120,LINE,UNILOAD,GZ,NO,NO,,,,,0,-16.77,1,-16.77, 0, 0, 0, 0,, NO, 0, 0, NO,
121,LINE,UNILOAD,GZ,NO,NO,,,,,0,-16.77,1,-16.77, 0, 0, 0, 0,, NO, 0, 0, NO,
122,LINE,UNILOAD,GZ,NO,NO,,,,,0,-16.77,1,-16.77, 0, 0, 0, 0,, NO, 0, 0, NO,
123,LINE,UNILOAD,GZ,NO,NO,,,,,0,-16.77,1,-16.77, 0, 0, 0, 0,, NO, 0, 0, NO,
124,LINE,UNILOAD,GZ,NO,NO,,,,,0,-16.77,1,-16.77, 0, 0, 0, 0,, NO, 0, 0, NO,
125,LINE,UNILOAD,GZ,NO,NO,,,,,0,-16.77,1,-16.77, 0, 0, 0, 0,, NO, 0, 0, NO,
126,LINE,UNILOAD,GZ,NO,NO,,,,,0,-16.77,1,-16.77, 0, 0, 0, 0,, NO, 0, 0, NO,
127,LINE,UNILOAD,GZ,NO,NO,,,,,0,-16.77,1,-16.77, 0, 0, 0, 0,, NO, 0, 0, NO,
128,LINE,UNILOAD,GZ,NO,NO,,,,,0,-16.77,1,-16.77, 0, 0, 0, 0,, NO, 0, 0, NO,
129,LINE,UNILOAD,GZ,NO,NO,,,,,0,-16.77,1,-16.77, 0, 0, 0, 0,, NO, 0, 0, NO,
130,LINE,UNILOAD,GZ,NO,NO,,,,,0,-16.77,1,-16.77, 0, 0, 0, 0,, NO, 0, 0, NO,
171,LINE,UNILOAD,GZ,NO,NO,,,,,0,-21.40731424,1,-21.40731424, 0, 0, 0, 0,, NO, 0, 0, NO,
172,LINE,UNILOAD,GZ,NO,NO,,,,,0,-21.40731424,1,-21.40731424, 0, 0, 0, 0,, NO, 0, 0, NO,
173,LINE,UNILOAD,GZ,NO,NO,,,,,0,-21.40731424,1,-21.40731424, 0, 0, 0, 0,, NO, 0, 0, NO,
174,LINE,UNILOAD,GZ,NO,NO,,,,,0,-21.40731424,1,-21.40731424, 0, 0, 0, 0,, NO, 0, 0, NO,
175,LINE,UNILOAD,GZ,NO,NO,,,,,0,-21.40731424,1,-21.40731424, 0, 0, 0, 0,, NO, 0, 0, NO,
176,LINE,UNILOAD,GZ,NO,NO,,,,,0,-21.40731424,1,-21.40731424, 0, 0, 0, 0,, NO, 0, 0, NO,
177,LINE,UNILOAD,GZ,NO,NO,,,,,0,-21.40731424,1,-21.40731424, 0, 0, 0, 0,, NO, 0, 0, NO,
178,LINE,UNILOAD,GZ,NO,NO,,,,,0,-21.40731424,1,-21.40731424, 0, 0, 0, 0,, NO, 0, 0, NO,
179,LINE,UNILOAD,GZ,NO,NO,,,,,0,-21.40731424,1,-21.40731424, 0, 0, 0, 0,, NO, 0, 0, NO,
180,LINE,UNILOAD,GZ,NO,NO,,,,,0,-21.40731424,1,-21.40731424, 0, 0, 0, 0,, NO, 0, 0, NO,
181,LINE,UNILOAD,GZ,NO,NO,,,,,0,-21.40731424,1,-21.40731424, 0, 0, 0, 0,, NO, 0, 0, NO,
182,LINE,UNILOAD,GZ,NO,NO,,,,,0,-21.40731424,1,-21.40731424, 0, 0, 0, 0,, NO, 0, 0, NO,
183,LINE,UNILOAD,GZ,NO,NO,,,,,0,-21.40731424,1,-21.40731424, 0, 0, 0, 0,, NO, 0, 0, NO,
184,LINE,UNILOAD,GZ,NO,NO,,,,,0,-21.40731424,1,-21.40731424, 0, 0, 0, 0,, NO, 0, 0, NO,
185,LINE,UNILOAD,GZ,NO,NO,,,,,0,-21.40731424,1,-21.40731424, 0, 0, 0, 0,, NO, 0, 0, NO,
186,LINE,UNILOAD,GZ,NO,NO,,,,,0,-21.40731424,1,-21.40731424, 0, 0, 0, 0,, NO, 0, 0, NO,
187,LINE,UNILOAD,GZ,NO,NO,,,,,0,-21.40731424,1,-21.40731424, 0, 0, 0, 0,, NO, 0, 0, NO,
188,LINE,UNILOAD,GZ,NO,NO,,,,,0,-21.40731424,1,-21.40731424, 0, 0, 0, 0,, NO, 0, 0, NO,
189,LINE,UNILOAD,GZ,NO,NO,,,,,0,-21.40731424,1,-21.40731424, 0, 0, 0, 0,, NO, 0, 0, NO,
190,LINE,UNILOAD,GZ,NO,NO,,,,,0,-21.40731424,1,-21.40731424, 0, 0, 0, 0,, NO, 0, 0, NO,
191,LINE,UNILOAD,GZ,NO,NO,,,,,0,-21.40731424,1,-21.40731424, 0, 0, 0, 0,, NO, 0, 0, NO,
192,LINE,UNILOAD,GZ,NO,NO,,,,,0,-21.40731424,1,-21.40731424, 0, 0, 0, 0,, NO, 0, 0, NO,
193,LINE,UNILOAD,GZ,NO,NO,,,,,0,-21.40731424,1,-21.40731424, 0, 0, 0, 0,, NO, 0, 0, NO,
194,LINE,UNILOAD,GZ,NO,NO,,,,,0,-21.40731424,1,-21.40731424, 0, 0, 0, 0,, NO, 0, 0, NO,
195,LINE,UNILOAD,GZ,NO,NO,,,,,0,-21.40731424,1,-21.40731424, 0, 0, 0, 0,, NO, 0, 0, NO,
196,LINE,UNILOAD,GZ,NO,NO,,,,,0,-21.40731424,1,-21.40731424, 0, 0, 0, 0,, NO, 0, 0, NO,
197,LINE,UNILOAD,GZ,NO,NO,,,,,0,-21.40731424,1,-21.40731424, 0, 0, 0, 0,, NO, 0, 0, NO,
198,LINE,UNILOAD,GZ,NO,NO,,,,,0,-21.40731424,1,-21.40731424, 0, 0, 0, 0,, NO, 0, 0, NO,
199,LINE,UNILOAD,GZ,NO,NO,,,,,0,-21.40731424,1,-21.40731424, 0, 0, 0, 0,, NO, 0, 0, NO,
200,LINE,UNILOAD,GZ,NO,NO,,,,,0,-21.40731424,1,-21.40731424, 0, 0, 0, 0,, NO, 0, 0, NO,
201,LINE,UNILOAD,GZ,NO,NO,,,,,0,-21.40731424,1,-21.40731424, 0, 0, 0, 0,, NO, 0, 0, NO,
202,LINE,UNILOAD,GZ,NO,NO,,,,,0,-21.40731424,1,-21.40731424, 0, 0, 0, 0,, NO, 0, 0, NO,
203,LINE,UNILOAD,GZ,NO,NO,,,,,0,-21.40731424,1,-21.40731424, 0, 0, 0, 0,, NO, 0, 0, NO,
204,LINE,UNILOAD,GZ,NO,NO,,,,,0,-21.40731424,1,-21.40731424, 0, 0, 0, 0,, NO, 0, 0, NO,
205,LINE,UNILOAD,GZ,NO,NO,,,,,0,-21.40731424,1,-21.40731424, 0, 0, 0, 0,, NO, 0, 0, NO,
206,LINE,UNILOAD,GZ,NO,NO,,,,,0,-21.40731424,1,-21.40731424, 0, 0, 0, 0,, NO, 0, 0, NO,
207,LINE,UNILOAD,GZ,NO,NO,,,,,0,-21.40731424,1,-21.40731424, 0, 0, 0, 0,, NO, 0, 0, NO,
208,LINE,UNILOAD,GZ,NO,NO,,,,,0,-21.40731424,1,-21.40731424, 0, 0, 0, 0,, NO, 0, 0, NO,
209,LINE,UNILOAD,GZ,NO,NO,,,,,0,-21.40731424,1,-21.40731424, 0, 0, 0, 0,, NO, 0, 0, NO,
210,LINE,UNILOAD,GZ,NO,NO,,,,,0,-21.40731424,1,-21.40731424, 0, 0, 0, 0,, NO, 0, 0, NO,
211,LINE,UNILOAD,GZ,NO,NO,,,,,0,-21.40731424,1,-21.40731424, 0, 0, 0, 0,, NO, 0, 0, NO,
212,LINE,UNILOAD,GZ,NO,NO,,,,,0,-21.40731424,1,-21.40731424, 0, 0, 0, 0,, NO, 0, 0, NO,
213,LINE,UNILOAD,GZ,NO,NO,,,,,0,-21.40731424,1,-21.40731424, 0, 0, 0, 0,, NO, 0, 0, NO,
214,LINE,UNILOAD,GZ,NO,NO,,,,,0,-21.40731424,1,-21.40731424, 0, 0, 0, 0,, NO, 0, 0, NO,
1,LINE,UNILOAD,GZ,NO,NO,,,,,0,-50.466816,1,-50.466816, 0, 0, 0, 0,, NO, 0, 0, NO,
2,LINE,UNILOAD,GZ,NO,NO,,,,,0,-50.466816,1,-50.466816, 0, 0, 0, 0,, NO, 0, 0, NO,
3,LINE,UNILOAD,GZ,NO,NO,,,,,0,-50.466816,1,-50.466816, 0, 0, 0, 0,, NO, 0, 0, NO,
4,LINE,UNILOAD,GZ,NO,NO,,,,,0,-50.466816,1,-50.466816, 0, 0, 0, 0,, NO, 0, 0, NO,
5,LINE,UNILOAD,GZ,NO,NO,,,,,0,-50.466816,1,-50.466816, 0, 0, 0, 0,, NO, 0, 0, NO,
6,LINE,UNILOAD,GZ,NO,NO,,,,,0,-50.466816,1,-50.466816, 0, 0, 0, 0,, NO, 0, 0, NO,
7,LINE,UNILOAD,GZ,NO,NO,,,,,0,-50.466816,1,-50.466816, 0, 0, 0, 0,, NO, 0, 0, NO,
8,LINE,UNILOAD,GZ,NO,NO,,,,,0,-50.466816,1,-50.466816, 0, 0, 0, 0,, NO, 0, 0, NO,
9,LINE,UNILOAD,GZ,NO,NO,,,,,0,-50.466816,1,-50.466816, 0, 0, 0, 0,, NO, 0, 0, NO,
10,LINE,UNILOAD,GZ,NO,NO,,,,,0,-50.466816,1,-50.466816, 0, 0, 0, 0,, NO, 0, 0, NO,
79,LINE,UNILOAD,GZ,NO,NO,,,,,0,-50.466816,1,-50.466816, 0, 0, 0, 0,, NO, 0, 0, NO,
80,LINE,UNILOAD,GZ,NO,NO,,,,,0,-50.466816,1,-50.466816, 0, 0, 0, 0,, NO, 0, 0, NO,
81,LINE,UNILOAD,GZ,NO,NO,,,,,0,-50.466816,1,-50.466816, 0, 0, 0, 0,, NO, 0, 0, NO,
82,LINE,UNILOAD,GZ,NO,NO,,,,,0,-50.466816,1,-50.466816, 0, 0, 0, 0,, NO, 0, 0, NO,
83,LINE,UNILOAD,GZ,NO,NO,,,,,0,-50.466816,1,-50.466816, 0, 0, 0, 0,, NO, 0, 0, NO,
84,LINE,UNILOAD,GZ,NO,NO,,,,,0,-50.466816,1,-50.466816, 0, 0, 0, 0,, NO, 0, 0, NO,
85,LINE,UNILOAD,GZ,NO,NO,,,,,0,-50.466816,1,-50.466816, 0, 0, 0, 0,, NO, 0, 0, NO,
86,LINE,UNILOAD,GZ,NO,NO,,,,,0,-50.466816,1,-50.466816, 0, 0, 0, 0,, NO, 0, 0, NO,
87,LINE,UNILOAD,GZ,NO,NO,,,,,0,-50.466816,1,-50.466816, 0, 0, 0, 0,, NO, 0, 0, NO,
88,LINE,UNILOAD,GZ,NO,NO,,,,,0,-50.466816,1,-50.466816, 0, 0, 0, 0,, NO, 0, 0, NO,
1,LINE,UNILOAD,GZ,NO,NO,,,,,0,-5.87,1,-5.87, 0, 0, 0, 0,, NO, 0, 0, NO,
2,LINE,UNILOAD,GZ,NO,NO,,,,,0,-5.87,1,-5.87, 0, 0, 0, 0,, NO, 0, 0, NO,
3,LINE,UNILOAD,GZ,NO,NO,,,,,0,-5.87,1,-5.87, 0, 0, 0, 0,, NO, 0, 0, NO,
4,LINE,UNILOAD,GZ,NO,NO,,,,,0,-5.87,1,-5.87, 0, 0, 0, 0,, NO, 0, 0, NO,
5,LINE,UNILOAD,GZ,NO,NO,,,,,0,-5.87,1,-5.87, 0, 0, 0, 0,, NO, 0, 0, NO,
6,LINE,UNILOAD,GZ,NO,NO,,,,,0,-5.87,1,-5.87, 0, 0, 0, 0,, NO, 0, 0, NO,
7,LINE,UNILOAD,GZ,NO,NO,,,,,0,-5.87,1,-5.87, 0, 0, 0, 0,, NO, 0, 0, NO,
8,LINE,UNILOAD,GZ,NO,NO,,,,,0,-5.87,1,-5.87, 0, 0, 0, 0,, NO, 0, 0, NO,
9,LINE,UNILOAD,GZ,NO,NO,,,,,0,-5.87,1,-5.87, 0, 0, 0, 0,, NO, 0, 0, NO,
10,LINE,UNILOAD,GZ,NO,NO,,,,,0,-5.87,1,-5.87, 0, 0, 0, 0,, NO, 0, 0, NO,
11,LINE,UNILOAD,GZ,NO,NO,,,,,0,-5.87,1,-5.87, 0, 0, 0, 0,, NO, 0, 0, NO,
12,LINE,UNILOAD,GZ,NO,NO,,,,,0,-5.87,1,-5.87, 0, 0, 0, 0,, NO, 0, 0, NO,
13,LINE,UNILOAD,GZ,NO,NO,,,,,0,-5.87,1,-5.87, 0, 0, 0, 0,, NO, 0, 0, NO,
14,LINE,UNILOAD,GZ,NO,NO,,,,,0,-5.87,1,-5.87, 0, 0, 0, 0,, NO, 0, 0, NO,
15,LINE,UNILOAD,GZ,NO,NO,,,,,0,-5.87,1,-5.87, 0, 0, 0, 0,, NO, 0, 0, NO,
16,LINE,UNILOAD,GZ,NO,NO,,,,,0,-5.87,1,-5.87, 0, 0, 0, 0,, NO, 0, 0, NO,
17,LINE,UNILOAD,GZ,NO,NO,,,,,0,-5.87,1,-5.87, 0, 0, 0, 0,, NO, 0, 0, NO,
18,LINE,UNILOAD,GZ,NO,NO,,,,,0,-5.87,1,-5.87, 0, 0, 0, 0,, NO, 0, 0, NO,
19,LINE,UNILOAD,GZ,NO,NO,,,,,0,-5.87,1,-5.87, 0, 0, 0, 0,, NO, 0, 0, NO,
20,LINE,UNILOAD,GZ,NO,NO,,,,,0,-5.87,1,-5.87, 0, 0, 0, 0,, NO, 0, 0, NO,
21,LINE,UNILOAD,GZ,NO,NO,,,,,0,-5.87,1,-5.87, 0, 0, 0, 0,, NO, 0, 0, NO,
22,LINE,UNILOAD,GZ,NO,NO,,,,,0,-5.87,1,-5.87, 0, 0, 0, 0,, NO, 0, 0, NO,
23,LINE,UNILOAD,GZ,NO,NO,,,,,0,-5.87,1,-5.87, 0, 0, 0, 0,, NO, 0, 0, NO,
24,LINE,UNILOAD,GZ,NO,NO,,,,,0,-5.87,1,-5.87, 0, 0, 0, 0,, NO, 0, 0, NO,
25,LINE,UNILOAD,GZ,NO,NO,,,,,0,-5.87,1,-5.87, 0, 0, 0, 0,, NO, 0, 0, NO,
26,LINE,UNILOAD,GZ,NO,NO,,,,,0,-5.87,1,-5.87, 0, 0, 0, 0,, NO, 0, 0, NO,
27,LINE,UNILOAD,GZ,NO,NO,,,,,0,-5.87,1,-5.87, 0, 0, 0, 0,, NO, 0, 0, NO,
28,LINE,UNILOAD,GZ,NO,NO,,,,,0,-5.87,1,-5.87, 0, 0, 0, 0,, NO, 0, 0, NO,
29,LINE,UNILOAD,GZ,NO,NO,,,,,0,-5.87,1,-5.87, 0, 0, 0, 0,, NO, 0, 0, NO,
30,LINE,UNILOAD,GZ,NO,NO,,,,,0,-5.87,1,-5.87, 0, 0, 0, 0,, NO, 0, 0, NO,
31,LINE,UNILOAD,GZ,NO,NO,,,,,0,-5.87,1,-5.87, 0, 0, 0, 0,, NO, 0, 0, NO,
32,LINE,UNILOAD,GZ,NO,NO,,,,,0,-5.87,1,-5.87, 0, 0, 0, 0,, NO, 0, 0, NO,
33,LINE,UNILOAD,GZ,NO,NO,,,,,0,-5.87,1,-5.87, 0, 0, 0, 0,, NO, 0, 0, NO,
34,LINE,UNILOAD,GZ,NO,NO,,,,,0,-5.87,1,-5.87, 0, 0, 0, 0,, NO, 0, 0, NO,
35,LINE,UNILOAD,GZ,NO,NO,,,,,0,-5.87,1,-5.87, 0, 0, 0, 0,, NO, 0, 0, NO,
36,LINE,UNILOAD,GZ,NO,NO,,,,,0,-5.87,1,-5.87, 0, 0, 0, 0,, NO, 0, 0, NO,
37,LINE,UNILOAD,GZ,NO,NO,,,,,0,-5.87,1,-5.87, 0, 0, 0, 0,, NO, 0, 0, NO,
38,LINE,UNILOAD,GZ,NO,NO,,,,,0,-5.87,1,-5.87, 0, 0, 0, 0,, NO, 0, 0, NO,
39,LINE,UNILOAD,GZ,NO,NO,,,,,0,-5.87,1,-5.87, 0, 0, 0, 0,, NO, 0, 0, NO,
40,LINE,UNILOAD,GZ,NO,NO,,,,,0,-5.87,1,-5.87, 0, 0, 0, 0,, NO, 0, 0, NO,
41,LINE,UNILOAD,GZ,NO,NO,,,,,0,-5.87,1,-5.87, 0, 0, 0, 0,, NO, 0, 0, NO,
42,LINE,UNILOAD,GZ,NO,NO,,,,,0,-5.87,1,-5.87, 0, 0, 0, 0,, NO, 0, 0, NO,
43,LINE,UNILOAD,GZ,NO,NO,,,,,0,-5.87,1,-5.87, 0, 0, 0, 0,, NO, 0, 0, NO,
44,LINE,UNILOAD,GZ,NO,NO,,,,,0,-5.87,1,-5.87, 0, 0, 0, 0,, NO, 0, 0, NO,
45,LINE,UNILOAD,GZ,NO,NO,,,,,0,-5.87,1,-5.87, 0, 0, 0, 0,, NO, 0, 0, NO,
46,LINE,UNILOAD,GZ,NO,NO,,,,,0,-5.87,1,-5.87, 0, 0, 0, 0,, NO, 0, 0, NO,
47,LINE,UNILOAD,GZ,NO,NO,,,,,0,-5.87,1,-5.87, 0, 0, 0, 0,, NO, 0, 0, NO,
48,LINE,UNILOAD,GZ,NO,NO,,,,,0,-5.87,1,-5.87, 0, 0, 0, 0,, NO, 0, 0, NO,
49,LINE,UNILOAD,GZ,NO,NO,,,,,0,-5.87,1,-5.87, 0, 0, 0, 0,, NO, 0, 0, NO,
50,LINE,UNILOAD,GZ,NO,NO,,,,,0,-5.87,1,-5.87, 0, 0, 0, 0,, NO, 0, 0, NO,
51,LINE,UNILOAD,GZ,NO,NO,,,,,0,-5.87,1,-5.87, 0, 0, 0, 0,, NO, 0, 0, NO,
52,LINE,UNILOAD,GZ,NO,NO,,,,,0,-5.87,1,-5.87, 0, 0, 0, 0,, NO, 0, 0, NO,
53,LINE,UNILOAD,GZ,NO,NO,,,,,0,-5.87,1,-5.87, 0, 0, 0, 0,, NO, 0, 0, NO,
54,LINE,UNILOAD,GZ,NO,NO,,,,,0,-5.87,1,-5.87, 0, 0, 0, 0,, NO, 0, 0, NO,
55,LINE,UNILOAD,GZ,NO,NO,,,,,0,-5.87,1,-5.87, 0, 0, 0, 0,, NO, 0, 0, NO,
56,LINE,UNILOAD,GZ,NO,NO,,,,,0,-5.87,1,-5.87, 0, 0, 0, 0,, NO, 0, 0, NO,
57,LINE,UNILOAD,GZ,NO,NO,,,,,0,-5.87,1,-5.87, 0, 0, 0, 0,, NO, 0, 0, NO,
58,LINE,UNILOAD,GZ,NO,NO,,,,,0,-5.87,1,-5.87, 0, 0, 0, 0,, NO, 0, 0, NO,
59,LINE,UNILOAD,GZ,NO,NO,,,,,0,-5.87,1,-5.87, 0, 0, 0, 0,, NO, 0, 0, NO,
60,LINE,UNILOAD,GZ,NO,NO,,,,,0,-5.87,1,-5.87, 0, 0, 0, 0,, NO, 0, 0, NO,
61,LINE,UNILOAD,GZ,NO,NO,,,,,0,-5.87,1,-5.87, 0, 0, 0, 0,, NO, 0, 0, NO,
62,LINE,UNILOAD,GZ,NO,NO,,,,,0,-5.87,1,-5.87, 0, 0, 0, 0,, NO, 0, 0, NO,
63,LINE,UNILOAD,GZ,NO,NO,,,,,0,-5.87,1,-5.87, 0, 0, 0, 0,, NO, 0, 0, NO,
64,LINE,UNILOAD,GZ,NO,NO,,,,,0,-5.87,1,-5.87, 0, 0, 0, 0,, NO, 0, 0, NO,
65,LINE,UNILOAD,GZ,NO,NO,,,,,0,-5.87,1,-5.87, 0, 0, 0, 0,, NO, 0, 0, NO,
66,LINE,UNILOAD,GZ,NO,NO,,,,,0,-5.87,1,-5.87, 0, 0, 0, 0,, NO, 0, 0, NO,
67,LINE,UNILOAD,GZ,NO,NO,,,,,0,-5.87,1,-5.87, 0, 0, 0, 0,, NO, 0, 0, NO,
68,LINE,UNILOAD,GZ,NO,NO,,,,,0,-5.87,1,-5.87, 0, 0, 0, 0,, NO, 0, 0, NO,
69,LINE,UNILOAD,GZ,NO,NO,,,,,0,-5.87,1,-5.87, 0, 0, 0, 0,, NO, 0, 0, NO,
70,LINE,UNILOAD,GZ,NO,NO,,,,,0,-5.87,1,-5.87, 0, 0, 0, 0,, NO, 0, 0, NO,
71,LINE,UNILOAD,GZ,NO,NO,,,,,0,-5.87,1,-5.87, 0, 0, 0, 0,, NO, 0, 0, NO,
72,LINE,UNILOAD,GZ,NO,NO,,,,,0,-5.87,1,-5.87, 0, 0, 0, 0,, NO, 0, 0, NO,
73,LINE,UNILOAD,GZ,NO,NO,,,,,0,-5.87,1,-5.87, 0, 0, 0, 0,, NO, 0, 0, NO,
74,LINE,UNILOAD,GZ,NO,NO,,,,,0,-5.87,1,-5.87, 0, 0, 0, 0,, NO, 0, 0, NO,
75,LINE,UNILOAD,GZ,NO,NO,,,,,0,-5.87,1,-5.87, 0, 0, 0, 0,, NO, 0, 0, NO,
76,LINE,UNILOAD,GZ,NO,NO,,,,,0,-5.87,1,-5.87, 0, 0, 0, 0,, NO, 0, 0, NO,
77,LINE,UNILOAD,GZ,NO,NO,,,,,0,-5.87,1,-5.87, 0, 0, 0, 0,, NO, 0, 0, NO,
78,LINE,UNILOAD,GZ,NO,NO,,,,,0,-5.87,1,-5.87, 0, 0, 0, 0,, NO, 0, 0, NO,
79,LINE,UNILOAD,GZ,NO,NO,,,,,0,-5.87,1,-5.87, 0, 0, 0, 0,, NO, 0, 0, NO,
80,LINE,UNILOAD,GZ,NO,NO,,,,,0,-5.87,1,-5.87, 0, 0, 0, 0,, NO, 0, 0, NO,
81,LINE,UNILOAD,GZ,NO,NO,,,,,0,-5.87,1,-5.87, 0, 0, 0, 0,, NO, 0, 0, NO,
82,LINE,UNILOAD,GZ,NO,NO,,,,,0,-5.87,1,-5.87, 0, 0, 0, 0,, NO, 0, 0, NO,
83,LINE,UNILOAD,GZ,NO,NO,,,,,0,-5.87,1,-5.87, 0, 0, 0, 0,, NO, 0, 0, NO,
84,LINE,UNILOAD,GZ,NO,NO,,,,,0,-5.87,1,-5.87, 0, 0, 0, 0,, NO, 0, 0, NO,
85,LINE,UNILOAD,GZ,NO,NO,,,,,0,-5.87,1,-5.87, 0, 0, 0, 0,, NO, 0, 0, NO,
86,LINE,UNILOAD,GZ,NO,NO,,,,,0,-5.87,1,-5.87, 0, 0, 0, 0,, NO, 0, 0, NO,
87,LINE,UNILOAD,GZ,NO,NO,,,,,0,-5.87,1,-5.87, 0, 0, 0, 0,, NO, 0, 0, NO,
88,LINE,UNILOAD,GZ,NO,NO,,,,,0,-5.87,1,-5.87, 0, 0, 0, 0,, NO, 0, 0, NO,
1,LINE,UNILOAD,GZ,NO,NO,,,,,0,-57.139,1,-57.139, 0, 0, 0, 0,, NO, 0, 0, NO,
2,LINE,UNILOAD,GZ,NO,NO,,,,,0,-57.139,1,-57.139, 0, 0, 0, 0,, NO, 0, 0, NO,
3,LINE,UNILOAD,GZ,NO,NO,,,,,0,-57.139,1,-57.139, 0, 0, 0, 0,, NO, 0, 0, NO,
4,LINE,UNILOAD,GZ,NO,NO,,,,,0,-57.139,1,-57.139, 0, 0, 0, 0,, NO, 0, 0, NO,
5,LINE,UNILOAD,GZ,NO,NO,,,,,0,-57.139,1,-57.139, 0, 0, 0, 0,, NO, 0, 0, NO,
6,LINE,UNILOAD,GZ,NO,NO,,,,,0,-57.139,1,-57.139, 0, 0, 0, 0,, NO, 0, 0, NO,
7,LINE,UNILOAD,GZ,NO,NO,,,,,0,-57.139,1,-57.139, 0, 0, 0, 0,, NO, 0, 0, NO,
8,LINE,UNILOAD,GZ,NO,NO,,,,,0,-57.139,1,-57.139, 0, 0, 0, 0,, NO, 0, 0, NO,
9,LINE,UNILOAD,GZ,NO,NO,,,,,0,-57.139,1,-57.139, 0, 0, 0, 0,, NO, 0, 0, NO,
10,LINE,UNILOAD,GZ,NO,NO,,,,,0,-57.139,1,-57.139, 0, 0, 0, 0,, NO, 0, 0, NO,
11,LINE,UNILOAD,GZ,NO,NO,,,,,0,-57.139,1,-57.139, 0, 0, 0, 0,, NO, 0, 0, NO,
12,LINE,UNILOAD,GZ,NO,NO,,,,,0,-57.139,1,-57.139, 0, 0, 0, 0,, NO, 0, 0, NO,
13,LINE,UNILOAD,GZ,NO,NO,,,,,0,-57.139,1,-57.139, 0, 0, 0, 0,, NO, 0, 0, NO,
14,LINE,UNILOAD,GZ,NO,NO,,,,,0,-57.139,1,-57.139, 0, 0, 0, 0,, NO, 0, 0, NO,
15,LINE,UNILOAD,GZ,NO,NO,,,,,0,-57.139,1,-57.139, 0, 0, 0, 0,, NO, 0, 0, NO,
16,LINE,UNILOAD,GZ,NO,NO,,,,,0,-57.139,1,-57.139, 0, 0, 0, 0,, NO, 0, 0, NO,
17,LINE,UNILOAD,GZ,NO,NO,,,,,0,-57.139,1,-57.139, 0, 0, 0, 0,, NO, 0, 0, NO,
18,LINE,UNILOAD,GZ,NO,NO,,,,,0,-57.139,1,-57.139, 0, 0, 0, 0,, NO, 0, 0, NO,
19,LINE,UNILOAD,GZ,NO,NO,,,,,0,-57.139,1,-57.139, 0, 0, 0, 0,, NO, 0, 0, NO,
20,LINE,UNILOAD,GZ,NO,NO,,,,,0,-57.139,1,-57.139, 0, 0, 0, 0,, NO, 0, 0, NO,
21,LINE,UNILOAD,GZ,NO,NO,,,,,0,-57.139,1,-57.139, 0, 0, 0, 0,, NO, 0, 0, NO,
22,LINE,UNILOAD,GZ,NO,NO,,,,,0,-57.139,1,-57.139, 0, 0, 0, 0,, NO, 0, 0, NO,
23,LINE,UNILOAD,GZ,NO,NO,,,,,0,-57.139,1,-57.139, 0, 0, 0, 0,, NO, 0, 0, NO,
24,LINE,UNILOAD,GZ,NO,NO,,,,,0,-57.139,1,-57.139, 0, 0, 0, 0,, NO, 0, 0, NO,
25,LINE,UNILOAD,GZ,NO,NO,,,,,0,-57.139,1,-57.139, 0, 0, 0, 0,, NO, 0, 0, NO,
26,LINE,UNILOAD,GZ,NO,NO,,,,,0,-57.139,1,-57.139, 0, 0, 0, 0,, NO, 0, 0, NO,
27,LINE,UNILOAD,GZ,NO,NO,,,,,0,-57.139,1,-57.139, 0, 0, 0, 0,, NO, 0, 0, NO,
28,LINE,UNILOAD,GZ,NO,NO,,,,,0,-57.139,1,-57.139, 0, 0, 0, 0,, NO, 0, 0, NO,
29,LINE,UNILOAD,GZ,NO,NO,,,,,0,-57.139,1,-57.139, 0, 0, 0, 0,, NO, 0, 0, NO,
30,LINE,UNILOAD,GZ,NO,NO,,,,,0,-57.139,1,-57.139, 0, 0, 0, 0,, NO, 0, 0, NO,
31,LINE,UNILOAD,GZ,NO,NO,,,,,0,-57.139,1,-57.139, 0, 0, 0, 0,, NO, 0, 0, NO,
32,LINE,UNILOAD,GZ,NO,NO,,,,,0,-57.139,1,-57.139, 0, 0, 0, 0,, NO, 0, 0, NO,
33,LINE,UNILOAD,GZ,NO,NO,,,,,0,-57.139,1,-57.139, 0, 0, 0, 0,, NO, 0, 0, NO,
34,LINE,UNILOAD,GZ,NO,NO,,,,,0,-57.139,1,-57.139, 0, 0, 0, 0,, NO, 0, 0, NO,
35,LINE,UNILOAD,GZ,NO,NO,,,,,0,-57.139,1,-57.139, 0, 0, 0, 0,, NO, 0, 0, NO,
36,LINE,UNILOAD,GZ,NO,NO,,,,,0,-57.139,1,-57.139, 0, 0, 0, 0,, NO, 0, 0, NO,
37,LINE,UNILOAD,GZ,NO,NO,,,,,0,-57.139,1,-57.139, 0, 0, 0, 0,, NO, 0, 0, NO,
38,LINE,UNILOAD,GZ,NO,NO,,,,,0,-57.139,1,-57.139, 0, 0, 0, 0,, NO, 0, 0, NO,
39,LINE,UNILOAD,GZ,NO,NO,,,,,0,-57.139,1,-57.139, 0, 0, 0, 0,, NO, 0, 0, NO,
40,LINE,UNILOAD,GZ,NO,NO,,,,,0,-57.139,1,-57.139, 0, 0, 0, 0,, NO, 0, 0, NO,
41,LINE,UNILOAD,GZ,NO,NO,,,,,0,-57.139,1,-57.139, 0, 0, 0, 0,, NO, 0, 0, NO,
42,LINE,UNILOAD,GZ,NO,NO,,,,,0,-57.139,1,-57.139, 0, 0, 0, 0,, NO, 0, 0, NO,
43,LINE,UNILOAD,GZ,NO,NO,,,,,0,-57.139,1,-57.139, 0, 0, 0, 0,, NO, 0, 0, NO,
44,LINE,UNILOAD,GZ,NO,NO,,,,,0,-57.139,1,-57.139, 0, 0, 0, 0,, NO, 0, 0, NO,
45,LINE,UNILOAD,GZ,NO,NO,,,,,0,-57.139,1,-57.139, 0, 0, 0, 0,, NO, 0, 0, NO,
46,LINE,UNILOAD,GZ,NO,NO,,,,,0,-57.139,1,-57.139, 0, 0, 0, 0,, NO, 0, 0, NO,
47,LINE,UNILOAD,GZ,NO,NO,,,,,0,-57.139,1,-57.139, 0, 0, 0, 0,, NO, 0, 0, NO,
48,LINE,UNILOAD,GZ,NO,NO,,,,,0,-57.139,1,-57.139, 0, 0, 0, 0,, NO, 0, 0, NO,
49,LINE,UNILOAD,GZ,NO,NO,,,,,0,-57.139,1,-57.139, 0, 0, 0, 0,, NO, 0, 0, NO,
50,LINE,UNILOAD,GZ,NO,NO,,,,,0,-57.139,1,-57.139, 0, 0, 0, 0,, NO, 0, 0, NO,
51,LINE,UNILOAD,GZ,NO,NO,,,,,0,-57.139,1,-57.139, 0, 0, 0, 0,, NO, 0, 0, NO,
52,LINE,UNILOAD,GZ,NO,NO,,,,,0,-57.139,1,-57.139, 0, 0, 0, 0,, NO, 0, 0, NO,
53,LINE,UNILOAD,GZ,NO,NO,,,,,0,-57.139,1,-57.139, 0, 0, 0, 0,, NO, 0, 0, NO,
54,LINE,UNILOAD,GZ,NO,NO,,,,,0,-57.139,1,-57.139, 0, 0, 0, 0,, NO, 0, 0, NO,
55,LINE,UNILOAD,GZ,NO,NO,,,,,0,-57.139,1,-57.139, 0, 0, 0, 0,, NO, 0, 0, NO,
56,LINE,UNILOAD,GZ,NO,NO,,,,,0,-57.139,1,-57.139, 0, 0, 0, 0,, NO, 0, 0, NO,
57,LINE,UNILOAD,GZ,NO,NO,,,,,0,-57.139,1,-57.139, 0, 0, 0, 0,, NO, 0, 0, NO,
58,LINE,UNILOAD,GZ,NO,NO,,,,,0,-57.139,1,-57.139, 0, 0, 0, 0,, NO, 0, 0, NO,
59,LINE,UNILOAD,GZ,NO,NO,,,,,0,-57.139,1,-57.139, 0, 0, 0, 0,, NO, 0, 0, NO,
60,LINE,UNILOAD,GZ,NO,NO,,,,,0,-57.139,1,-57.139, 0, 0, 0, 0,, NO, 0, 0, NO,
61,LINE,UNILOAD,GZ,NO,NO,,,,,0,-57.139,1,-57.139, 0, 0, 0, 0,, NO, 0, 0, NO,
62,LINE,UNILOAD,GZ,NO,NO,,,,,0,-57.139,1,-57.139, 0, 0, 0, 0,, NO, 0, 0, NO,
63,LINE,UNILOAD,GZ,NO,NO,,,,,0,-57.139,1,-57.139, 0, 0, 0, 0,, NO, 0, 0, NO,
64,LINE,UNILOAD,GZ,NO,NO,,,,,0,-57.139,1,-57.139, 0, 0, 0, 0,, NO, 0, 0, NO,
65,LINE,UNILOAD,GZ,NO,NO,,,,,0,-57.139,1,-57.139, 0, 0, 0, 0,, NO, 0, 0, NO,
66,LINE,UNILOAD,GZ,NO,NO,,,,,0,-57.139,1,-57.139, 0, 0, 0, 0,, NO, 0, 0, NO,
67,LINE,UNILOAD,GZ,NO,NO,,,,,0,-57.139,1,-57.139, 0, 0, 0, 0,, NO, 0, 0, NO,
68,LINE,UNILOAD,GZ,NO,NO,,,,,0,-57.139,1,-57.139, 0, 0, 0, 0,, NO, 0, 0, NO,
69,LINE,UNILOAD,GZ,NO,NO,,,,,0,-57.139,1,-57.139, 0, 0, 0, 0,, NO, 0, 0, NO,
70,LINE,UNILOAD,GZ,NO,NO,,,,,0,-57.139,1,-57.139, 0, 0, 0, 0,, NO, 0, 0, NO,
71,LINE,UNILOAD,GZ,NO,NO,,,,,0,-57.139,1,-57.139, 0, 0, 0, 0,, NO, 0, 0, NO,
72,LINE,UNILOAD,GZ,NO,NO,,,,,0,-57.139,1,-57.139, 0, 0, 0, 0,, NO, 0, 0, NO,
73,LINE,UNILOAD,GZ,NO,NO,,,,,0,-57.139,1,-57.139, 0, 0, 0, 0,, NO, 0, 0, NO,
74,LINE,UNILOAD,GZ,NO,NO,,,,,0,-57.139,1,-57.139, 0, 0, 0, 0,, NO, 0, 0, NO,
75,LINE,UNILOAD,GZ,NO,NO,,,,,0,-57.139,1,-57.139, 0, 0, 0, 0,, NO, 0, 0, NO,
76,LINE,UNILOAD,GZ,NO,NO,,,,,0,-57.139,1,-57.139, 0, 0, 0, 0,, NO, 0, 0, NO,
77,LINE,UNILOAD,GZ,NO,NO,,,,,0,-57.139,1,-57.139, 0, 0, 0, 0,, NO, 0, 0, NO,
78,LINE,UNILOAD,GZ,NO,NO,,,,,0,-57.139,1,-57.139, 0, 0, 0, 0,, NO, 0, 0, NO,
79,LINE,UNILOAD,GZ,NO,NO,,,,,0,-57.139,1,-57.139, 0, 0, 0, 0,, NO, 0, 0, NO,
80,LINE,UNILOAD,GZ,NO,NO,,,,,0,-57.139,1,-57.139, 0, 0, 0, 0,, NO, 0, 0, NO,
81,LINE,UNILOAD,GZ,NO,NO,,,,,0,-57.139,1,-57.139, 0, 0, 0, 0,, NO, 0, 0, NO,
82,LINE,UNILOAD,GZ,NO,NO,,,,,0,-57.139,1,-57.139, 0, 0, 0, 0,, NO, 0, 0, NO,
83,LINE,UNILOAD,GZ,NO,NO,,,,,0,-57.139,1,-57.139, 0, 0, 0, 0,, NO, 0, 0, NO,
84,LINE,UNILOAD,GZ,NO,NO,,,,,0,-57.139,1,-57.139, 0, 0, 0, 0,, NO, 0, 0, NO,
85,LINE,UNILOAD,GZ,NO,NO,,,,,0,-57.139,1,-57.139, 0, 0, 0, 0,, NO, 0, 0, NO,
86,LINE,UNILOAD,GZ,NO,NO,,,,,0,-57.139,1,-57.139, 0, 0, 0, 0,, NO, 0, 0, NO,
87,LINE,UNILOAD,GZ,NO,NO,,,,,0,-57.139,1,-57.139, 0, 0, 0, 0,, NO, 0, 0, NO,
88,LINE,UNILOAD,GZ,NO,NO,,,,,0,-57.139,1,-57.139, 0, 0, 0, 0,, NO, 0, 0, NO,

; End of data for load case [D] -------------------------

*USE-STLD, L1

*BEAMLOAD    ; Element Beam Loads
; ELEM_LIST, CMD, TYPE, DIR, bPROJ, [ECCEN], [VALUE], GROUP
; ELEM_LIST, CMD, TYPE, TYPE, DIR, VX, VY, VZ, bPROJ, [ECCEN], [VALUE], GROUP
; [VALUE]       : D1, P1, D2, P2, D3, P3, D4, P4
; [ECCEN]       : bECCEN, ECCDIR, I-END, J-END, bJ-END
; [ADDITIONAL]  : bADDITIONAL, ADDITIONAL_I-END, ADDITIONAL_J-END, bADDITIONAL_J-END
1,LINE,UNILOAD,GZ,NO,NO,,,,,0,-17.175,1,-17.175, 0, 0, 0, 0,, NO, 0, 0, NO,
2,LINE,UNILOAD,GZ,NO,NO,,,,,0,-17.175,1,-17.175, 0, 0, 0, 0,, NO, 0, 0, NO,
3,LINE,UNILOAD,GZ,NO,NO,,,,,0,-17.175,1,-17.175, 0, 0, 0, 0,, NO, 0, 0, NO,
4,LINE,UNILOAD,GZ,NO,NO,,,,,0,-17.175,1,-17.175, 0, 0, 0, 0,, NO, 0, 0, NO,
5,LINE,UNILOAD,GZ,NO,NO,,,,,0,-17.175,1,-17.175, 0, 0, 0, 0,, NO, 0, 0, NO,
6,LINE,UNILOAD,GZ,NO,NO,,,,,0,-17.175,1,-17.175, 0, 0, 0, 0,, NO, 0, 0, NO,
7,LINE,UNILOAD,GZ,NO,NO,,,,,0,-17.175,1,-17.175, 0, 0, 0, 0,, NO, 0, 0, NO,
8,LINE,UNILOAD,GZ,NO,NO,,,,,0,-17.175,1,-17.175, 0, 0, 0, 0,, NO, 0, 0, NO,
9,LINE,UNILOAD,GZ,NO,NO,,,,,0,-17.175,1,-17.175, 0, 0, 0, 0,, NO, 0, 0, NO,
10,LINE,UNILOAD,GZ,NO,NO,,,,,0,-17.175,1,-17.175, 0, 0, 0, 0,, NO, 0, 0, NO,
11,LINE,UNILOAD,GZ,NO,NO,,,,,0,-17.175,1,-17.175, 0, 0, 0, 0,, NO, 0, 0, NO,
12,LINE,UNILOAD,GZ,NO,NO,,,,,0,-17.175,1,-17.175, 0, 0, 0, 0,, NO, 0, 0, NO,
13,LINE,UNILOAD,GZ,NO,NO,,,,,0,-17.175,1,-17.175, 0, 0, 0, 0,, NO, 0, 0, NO,
14,LINE,UNILOAD,GZ,NO,NO,,,,,0,-17.175,1,-17.175, 0, 0, 0, 0,, NO, 0, 0, NO,
15,LINE,UNILOAD,GZ,NO,NO,,,,,0,-17.175,1,-17.175, 0, 0, 0, 0,, NO, 0, 0, NO,
16,LINE,UNILOAD,GZ,NO,NO,,,,,0,-17.175,1,-17.175, 0, 0, 0, 0,, NO, 0, 0, NO,
17,LINE,UNILOAD,GZ,NO,NO,,,,,0,-17.175,1,-17.175, 0, 0, 0, 0,, NO, 0, 0, NO,
18,LINE,UNILOAD,GZ,NO,NO,,,,,0,-17.175,1,-17.175, 0, 0, 0, 0,, NO, 0, 0, NO,
19,LINE,UNILOAD,GZ,NO,NO,,,,,0,-17.175,1,-17.175, 0, 0, 0, 0,, NO, 0, 0, NO,
20,LINE,UNILOAD,GZ,NO,NO,,,,,0,-17.175,1,-17.175, 0, 0, 0, 0,, NO, 0, 0, NO,
21,LINE,UNILOAD,GZ,NO,NO,,,,,0,-17.175,1,-17.175, 0, 0, 0, 0,, NO, 0, 0, NO,
22,LINE,UNILOAD,GZ,NO,NO,,,,,0,-17.175,1,-17.175, 0, 0, 0, 0,, NO, 0, 0, NO,
23,LINE,UNILOAD,GZ,NO,NO,,,,,0,-17.175,1,-17.175, 0, 0, 0, 0,, NO, 0, 0, NO,
24,LINE,UNILOAD,GZ,NO,NO,,,,,0,-17.175,1,-17.175, 0, 0, 0, 0,, NO, 0, 0, NO,
25,LINE,UNILOAD,GZ,NO,NO,,,,,0,-17.175,1,-17.175, 0, 0, 0, 0,, NO, 0, 0, NO,
26,LINE,UNILOAD,GZ,NO,NO,,,,,0,-17.175,1,-17.175, 0, 0, 0, 0,, NO, 0, 0, NO,
27,LINE,UNILOAD,GZ,NO,NO,,,,,0,-17.175,1,-17.175, 0, 0, 0, 0,, NO, 0, 0, NO,
28,LINE,UNILOAD,GZ,NO,NO,,,,,0,-17.175,1,-17.175, 0, 0, 0, 0,, NO, 0, 0, NO,
29,LINE,UNILOAD,GZ,NO,NO,,,,,0,-17.175,1,-17.175, 0, 0, 0, 0,, NO, 0, 0, NO,
30,LINE,UNILOAD,GZ,NO,NO,,,,,0,-17.175,1,-17.175, 0, 0, 0, 0,, NO, 0, 0, NO,
31,LINE,UNILOAD,GZ,NO,NO,,,,,0,-17.175,1,-17.175, 0, 0, 0, 0,, NO, 0, 0, NO,
32,LINE,UNILOAD,GZ,NO,NO,,,,,0,-17.175,1,-17.175, 0, 0, 0, 0,, NO, 0, 0, NO,
33,LINE,UNILOAD,GZ,NO,NO,,,,,0,-17.175,1,-17.175, 0, 0, 0, 0,, NO, 0, 0, NO,
34,LINE,UNILOAD,GZ,NO,NO,,,,,0,-17.175,1,-17.175, 0, 0, 0, 0,, NO, 0, 0, NO,
35,LINE,UNILOAD,GZ,NO,NO,,,,,0,-17.175,1,-17.175, 0, 0, 0, 0,, NO, 0, 0, NO,
36,LINE,UNILOAD,GZ,NO,NO,,,,,0,-17.175,1,-17.175, 0, 0, 0, 0,, NO, 0, 0, NO,
37,LINE,UNILOAD,GZ,NO,NO,,,,,0,-17.175,1,-17.175, 0, 0, 0, 0,, NO, 0, 0, NO,
38,LINE,UNILOAD,GZ,NO,NO,,,,,0,-17.175,1,-17.175, 0, 0, 0, 0,, NO, 0, 0, NO,
39,LINE,UNILOAD,GZ,NO,NO,,,,,0,-17.175,1,-17.175, 0, 0, 0, 0,, NO, 0, 0, NO,
40,LINE,UNILOAD,GZ,NO,NO,,,,,0,-17.175,1,-17.175, 0, 0, 0, 0,, NO, 0, 0, NO,
41,LINE,UNILOAD,GZ,NO,NO,,,,,0,-17.175,1,-17.175, 0, 0, 0, 0,, NO, 0, 0, NO,
42,LINE,UNILOAD,GZ,NO,NO,,,,,0,-17.175,1,-17.175, 0, 0, 0, 0,, NO, 0, 0, NO,
43,LINE,UNILOAD,GZ,NO,NO,,,,,0,-17.175,1,-17.175, 0, 0, 0, 0,, NO, 0, 0, NO,
44,LINE,UNILOAD,GZ,NO,NO,,,,,0,-80.6,1,-80.6, 0, 0, 0, 0,, NO, 0, 0, NO,
45,LINE,UNILOAD,GZ,NO,NO,,,,,0,-80.6,1,-80.6, 0, 0, 0, 0,, NO, 0, 0, NO,
46,LINE,UNILOAD,GZ,NO,NO,,,,,0,-17.175,1,-17.175, 0, 0, 0, 0,, NO, 0, 0, NO,
47,LINE,UNILOAD,GZ,NO,NO,,,,,0,-17.175,1,-17.175, 0, 0, 0, 0,, NO, 0, 0, NO,
48,LINE,UNILOAD,GZ,NO,NO,,,,,0,-17.175,1,-17.175, 0, 0, 0, 0,, NO, 0, 0, NO,
49,LINE,UNILOAD,GZ,NO,NO,,,,,0,-17.175,1,-17.175, 0, 0, 0, 0,, NO, 0, 0, NO,
50,LINE,UNILOAD,GZ,NO,NO,,,,,0,-17.175,1,-17.175, 0, 0, 0, 0,, NO, 0, 0, NO,
51,LINE,UNILOAD,GZ,NO,NO,,,,,0,-17.175,1,-17.175, 0, 0, 0, 0,, NO, 0, 0, NO,
52,LINE,UNILOAD,GZ,NO,NO,,,,,0,-17.175,1,-17.175, 0, 0, 0, 0,, NO, 0, 0, NO,
53,LINE,UNILOAD,GZ,NO,NO,,,,,0,-17.175,1,-17.175, 0, 0, 0, 0,, NO, 0, 0, NO,
54,LINE,UNILOAD,GZ,NO,NO,,,,,0,-17.175,1,-17.175, 0, 0, 0, 0,, NO, 0, 0, NO,
55,LINE,UNILOAD,GZ,NO,NO,,,,,0,-17.175,1,-17.175, 0, 0, 0, 0,, NO, 0, 0, NO,
56,LINE,UNILOAD,GZ,NO,NO,,,,,0,-17.175,1,-17.175, 0, 0, 0, 0,, NO, 0, 0, NO,
57,LINE,UNILOAD,GZ,NO,NO,,,,,0,-17.175,1,-17.175, 0, 0, 0, 0,, NO, 0, 0, NO,
58,LINE,UNILOAD,GZ,NO,NO,,,,,0,-17.175,1,-17.175, 0, 0, 0, 0,, NO, 0, 0, NO,
59,LINE,UNILOAD,GZ,NO,NO,,,,,0,-17.175,1,-17.175, 0, 0, 0, 0,, NO, 0, 0, NO,
60,LINE,UNILOAD,GZ,NO,NO,,,,,0,-17.175,1,-17.175, 0, 0, 0, 0,, NO, 0, 0, NO,
61,LINE,UNILOAD,GZ,NO,NO,,,,,0,-17.175,1,-17.175, 0, 0, 0, 0,, NO, 0, 0, NO,
62,LINE,UNILOAD,GZ,NO,NO,,,,,0,-17.175,1,-17.175, 0, 0, 0, 0,, NO, 0, 0, NO,
63,LINE,UNILOAD,GZ,NO,NO,,,,,0,-17.175,1,-17.175, 0, 0, 0, 0,, NO, 0, 0, NO,
64,LINE,UNILOAD,GZ,NO,NO,,,,,0,-17.175,1,-17.175, 0, 0, 0, 0,, NO, 0, 0, NO,
65,LINE,UNILOAD,GZ,NO,NO,,,,,0,-17.175,1,-17.175, 0, 0, 0, 0,, NO, 0, 0, NO,
66,LINE,UNILOAD,GZ,NO,NO,,,,,0,-17.175,1,-17.175, 0, 0, 0, 0,, NO, 0, 0, NO,
67,LINE,UNILOAD,GZ,NO,NO,,,,,0,-17.175,1,-17.175, 0, 0, 0, 0,, NO, 0, 0, NO,
68,LINE,UNILOAD,GZ,NO,NO,,,,,0,-17.175,1,-17.175, 0, 0, 0, 0,, NO, 0, 0, NO,
69,LINE,UNILOAD,GZ,NO,NO,,,,,0,-17.175,1,-17.175, 0, 0, 0, 0,, NO, 0, 0, NO,
70,LINE,UNILOAD,GZ,NO,NO,,,,,0,-17.175,1,-17.175, 0, 0, 0, 0,, NO, 0, 0, NO,
71,LINE,UNILOAD,GZ,NO,NO,,,,,0,-17.175,1,-17.175, 0, 0, 0, 0,, NO, 0, 0, NO,
72,LINE,UNILOAD,GZ,NO,NO,,,,,0,-17.175,1,-17.175, 0, 0, 0, 0,, NO, 0, 0, NO,
73,LINE,UNILOAD,GZ,NO,NO,,,,,0,-17.175,1,-17.175, 0, 0, 0, 0,, NO, 0, 0, NO,
74,LINE,UNILOAD,GZ,NO,NO,,,,,0,-17.175,1,-17.175, 0, 0, 0, 0,, NO, 0, 0, NO,
75,LINE,UNILOAD,GZ,NO,NO,,,,,0,-17.175,1,-17.175, 0, 0, 0, 0,, NO, 0, 0, NO,
76,LINE,UNILOAD,GZ,NO,NO,,,,,0,-17.175,1,-17.175, 0, 0, 0, 0,, NO, 0, 0, NO,
77,LINE,UNILOAD,GZ,NO,NO,,,,,0,-17.175,1,-17.175, 0, 0, 0, 0,, NO, 0, 0, NO,
78,LINE,UNILOAD,GZ,NO,NO,,,,,0,-17.175,1,-17.175, 0, 0, 0, 0,, NO, 0, 0, NO,
79,LINE,UNILOAD,GZ,NO,NO,,,,,0,-17.175,1,-17.175, 0, 0, 0, 0,, NO, 0, 0, NO,
80,LINE,UNILOAD,GZ,NO,NO,,,,,0,-17.175,1,-17.175, 0, 0, 0, 0,, NO, 0, 0, NO,
81,LINE,UNILOAD,GZ,NO,NO,,,,,0,-17.175,1,-17.175, 0, 0, 0, 0,, NO, 0, 0, NO,
82,LINE,UNILOAD,GZ,NO,NO,,,,,0,-17.175,1,-17.175, 0, 0, 0, 0,, NO, 0, 0, NO,
83,LINE,UNILOAD,GZ,NO,NO,,,,,0,-17.175,1,-17.175, 0, 0, 0, 0,, NO, 0, 0, NO,
84,LINE,UNILOAD,GZ,NO,NO,,,,,0,-17.175,1,-17.175, 0, 0, 0, 0,, NO, 0, 0, NO,
85,LINE,UNILOAD,GZ,NO,NO,,,,,0,-17.175,1,-17.175, 0, 0, 0, 0,, NO, 0, 0, NO,
86,LINE,UNILOAD,GZ,NO,NO,,,,,0,-17.175,1,-17.175, 0, 0, 0, 0,, NO, 0, 0, NO,
87,LINE,UNILOAD,GZ,NO,NO,,,,,0,-17.175,1,-17.175, 0, 0, 0, 0,, NO, 0, 0, NO,
88,LINE,UNILOAD,GZ,NO,NO,,,,,0,-17.175,1,-17.175, 0, 0, 0, 0,, NO, 0, 0, NO,

; End of data for load case [L1] -------------------------

*USE-STLD, CT

*BEAMLOAD    ; Element Beam Loads
; ELEM_LIST, CMD, TYPE, DIR, bPROJ, [ECCEN], [VALUE], GROUP
; ELEM_LIST, CMD, TYPE, TYPE, DIR, VX, VY, VZ, bPROJ, [ECCEN], [VALUE], GROUP
; [VALUE]       : D1, P1, D2, P2, D3, P3, D4, P4
; [ECCEN]       : bECCEN, ECCDIR, I-END, J-END, bJ-END
; [ADDITIONAL]  : bADDITIONAL, ADDITIONAL_I-END, ADDITIONAL_J-END, bADDITIONAL_J-END
12,BEAM,UNILOAD,GZ,NO,YES,0,LY,5.7,5.7,NO,0,-1078,1,0, 0, 0, 0, 0,, NO, 0, 0, NO,

; End of data for load case [CT] -------------------------

*USE-STLD, ケーブルプレストレス

*ELTEMPER    ; Element Temperatures
; ELEM_LIST, TEMPER, GROUP
131,-180,
132,-180,
133,-170,
134,-170,
135,-160,
136,-160,
137,-160,
138,-150,
139,-150,
140,-150,
141,-170,
142,-170,
143,-180,
144,-180,
145,-190,
146,-190,
147,-200,
148,-200,
149,-220,
150,-220,
151,-220,
152,-220,
153,-200,
154,-200,
155,-190,
156,-190,
157,-180,
158,-180,
159,-170,
160,-170,
161,-150,
162,-150,
163,-150,
164,-160,
165,-160,
166,-160,
167,-170,
168,-170,
169,-180,
170,-180,
215,-100,
216,-100,
217,-100,
218,-100,
219,-100,
220,-100,
221,-100,
222,-100,
223,-100,
224,-100,
225,-100,
226,-100,
227,-100,
228,-100,
229,-100,
230,-100,
231,-100,
232,-100,
233,-100,
234,-100,
235,-100,
236,-100,
237,-100,
238,-100,
239,-100,
240,-100,
241,-100,
242,-100,
243,-100,
244,-100,

; End of data for load case [ケーブルプレストレス] -------------------------
