ばね特性1,ELEMENT,SPG,0, 0.5, NO,0, 0.5, NO,0.5, 0.5, 0,0,
YES,100000,0,NO
YES,0.394736842105263,0,NO
YES,0.394736842105263,0,NO
NO, 0, 0, NO
NO, 0, 0, NO
NO, 0, 0, NO
0, 0, 0, 0, 0, 0, 0, 0, 0, 0, 0, 0, 0, 0, 0, 0, 0, 0, 0, 0, 0, 0, 0, 0, 0, 0, 0, 0, 0, 0, 0
ばね特性2,ELEMENT,SPG,0, 0.5, NO,0, 0.5, NO,0.5, 0.5, 0,0,
YES,100000,0,NO
YES,0.789473684210527,0,NO
YES,0.789473684210527,0,NO
NO, 0, 0, NO
NO, 0, 0, NO
NO, 0, 0, NO
0, 0, 0, 0, 0, 0, 0, 0, 0, 0, 0, 0, 0, 0, 0, 0, 0, 0, 0, 0, 0, 0, 0, 0, 0, 0, 0, 0, 0, 0, 0
ばね特性3,ELEMENT,SPG,0, 0.5, NO,0, 0.5, NO,0.5, 0.5, 0,0,
YES,100000,0,NO
YES,1.57894736842105,0,NO
YES,1.57894736842105,0,NO
NO, 0, 0, NO
NO, 0, 0, NO
NO, 0, 0, NO
0, 0, 0, 0, 0, 0, 0, 0, 0, 0, 0, 0, 0, 0, 0, 0, 0, 0, 0, 0, 0, 0, 0, 0, 0, 0, 0, 0, 0, 0, 0
ばね特性4,ELEMENT,SPG,0, 0.5, NO,0, 0.5, NO,0.5, 0.5, 0,0,
YES,100000,0,NO
YES,2.10526315789474,0,NO
YES,2.10526315789474,0,NO
NO, 0, 0, NO
NO, 0, 0, NO
NO, 0, 0, NO
0, 0, 0, 0, 0, 0, 0, 0, 0, 0, 0, 0, 0, 0, 0, 0, 0, 0, 0, 0, 0, 0, 0, 0, 0, 0, 0, 0, 0, 0, 0
ばね特性5,ELEMENT,SPG,0, 0.5, NO,0, 0.5, NO,0.5, 0.5, 0,0,
YES,100000,0,NO
YES,4.21052631578947,0,NO
YES,4.21052631578947,0,NO
NO, 0, 0, NO
NO, 0, 0, NO
NO, 0, 0, NO
0, 0, 0, 0, 0, 0, 0, 0, 0, 0, 0, 0, 0, 0, 0, 0, 0, 0, 0, 0, 0, 0, 0, 0, 0, 0, 0, 0, 0, 0, 0
ばね特性1~1,ELEMENT,SPG,0, 0.5, NO,0, 0.5, NO,0.5, 0.5, 0,0,
YES,100000,0,NO
YES,0.394736842105263,0,NO
YES,0.394736842105263,0,NO
NO, 0, 0, NO
NO, 0, 0, NO
NO, 0, 0, NO
0, 0, 0, 0, 0, 0, 0, 0, 0, 0, 0, 0, 0, 0, 0, 0, 0, 0, 0, 0, 0, 0, 0, 0, 0, 0, 0, 0, 0, 0, 0
ばね特性4~1,ELEMENT,SPG,0, 0.5, NO,0, 0.5, NO,0.5, 0.5, 0,0,
YES,100000,0,NO
YES,2.10526315789474,0,NO
YES,2.10526315789474,0,NO
NO, 0, 0, NO
NO, 0, 0, NO
NO, 0, 0, NO
0, 0, 0, 0, 0, 0, 0, 0, 0, 0, 0, 0, 0, 0, 0, 0, 0, 0, 0, 0, 0, 0, 0, 0, 0, 0, 0, 0, 0, 0, 0
ばね特性2~1,ELEMENT,SPG,0, 0.5, NO,0, 0.5, NO,0.5, 0.5, 0,0,
YES,100000,0,NO
YES,0.789473684210527,0,NO
YES,0.789473684210527,0,NO
NO, 0, 0, NO
NO, 0, 0, NO
NO, 0, 0, NO
0, 0, 0, 0, 0, 0, 0, 0, 0, 0, 0, 0, 0, 0, 0, 0, 0, 0, 0, 0, 0, 0, 0, 0, 0, 0, 0, 0, 0, 0, 0
ばね特性5~1,ELEMENT,SPG,0, 0.5, NO,0, 0.5, NO,0.5, 0.5, 0,0,
YES,100000,0,NO
YES,4.21052631578947,0,NO
YES,4.21052631578947,0,NO
NO, 0, 0, NO
NO, 0, 0, NO
NO, 0, 0, NO
0, 0, 0, 0, 0, 0, 0, 0, 0, 0, 0, 0, 0, 0, 0, 0, 0, 0, 0, 0, 0, 0, 0, 0, 0, 0, 0, 0, 0, 0, 0
ばね特性3~1,ELEMENT,SPG,0, 0.5, NO,0, 0.5, NO,0.5, 0.5, 0,0,
YES,100000,0,NO
YES,1.57894736842105,0,NO
YES,1.57894736842105,0,NO
NO, 0, 0, NO
NO, 0, 0, NO
NO, 0, 0, NO
0, 0, 0, 0, 0, 0, 0, 0, 0, 0, 0, 0, 0, 0, 0, 0, 0, 0, 0, 0, 0, 0, 0, 0, 0, 0, 0, 0, 0, 0, 0
ばね特性5~2,ELEMENT,SPG,0, 0.5, NO,0, 0.5, NO,0.5, 0.5, 0,0,
YES,100000,0,NO
YES,4.21052631578947,0,NO
YES,4.21052631578947,0,NO
NO, 0, 0, NO
NO, 0, 0, NO
NO, 0, 0, NO
0, 0, 0, 0, 0, 0, 0, 0, 0, 0, 0, 0, 0, 0, 0, 0, 0, 0, 0, 0, 0, 0, 0, 0, 0, 0, 0, 0, 0, 0, 0
ばね特性2~2,ELEMENT,SPG,0, 0.5, NO,0, 0.5, NO,0.5, 0.5, 0,0,
YES,100000,0,NO
YES,0.789473684210527,0,NO
YES,0.789473684210527,0,NO
NO, 0, 0, NO
NO, 0, 0, NO
NO, 0, 0, NO
0, 0, 0, 0, 0, 0, 0, 0, 0, 0, 0, 0, 0, 0, 0, 0, 0, 0, 0, 0, 0, 0, 0, 0, 0, 0, 0, 0, 0, 0, 0
ばね特性4~2,ELEMENT,SPG,0, 0.5, NO,0, 0.5, NO,0.5, 0.5, 0,0,
YES,100000,0,NO
YES,2.10526315789474,0,NO
YES,2.10526315789474,0,NO
NO, 0, 0, NO
NO, 0, 0, NO
NO, 0, 0, NO
0, 0, 0, 0, 0, 0, 0, 0, 0, 0, 0, 0, 0, 0, 0, 0, 0, 0, 0, 0, 0, 0, 0, 0, 0, 0, 0, 0, 0, 0, 0
ばね特性5~3,ELEMENT,SPG,0, 0.5, NO,0, 0.5, NO,0.5, 0.5, 0,0,
YES,100000,0,NO
YES,4.21052631578947,0,NO
YES,4.21052631578947,0,NO
NO, 0, 0, NO
NO, 0, 0, NO
NO, 0, 0, NO
0, 0, 0, 0, 0, 0, 0, 0, 0, 0, 0, 0, 0, 0, 0, 0, 0, 0, 0, 0, 0, 0, 0, 0, 0, 0, 0, 0, 0, 0, 0
ばね特性3~2,ELEMENT,SPG,0, 0.5, NO,0, 0.5, NO,0.5, 0.5, 0,0,
YES,100000,0,NO
YES,1.57894736842105,0,NO
YES,1.57894736842105,0,NO
NO, 0, 0, NO
NO, 0, 0, NO
NO, 0, 0, NO
0, 0, 0, 0, 0, 0, 0, 0, 0, 0, 0, 0, 0, 0, 0, 0, 0, 0, 0, 0, 0, 0, 0, 0, 0, 0, 0, 0, 0, 0, 0
ばね特性5~4,ELEMENT,SPG,0, 0.5, NO,0, 0.5, NO,0.5, 0.5, 0,0,
YES,100000,0,NO
YES,4.21052631578947,0,NO
YES,4.21052631578947,0,NO
NO, 0, 0, NO
NO, 0, 0, NO
NO, 0, 0, NO
0, 0, 0, 0, 0, 0, 0, 0, 0, 0, 0, 0, 0, 0, 0, 0, 0, 0, 0, 0, 0, 0, 0, 0, 0, 0, 0, 0, 0, 0, 0
ばね特性2~3,ELEMENT,SPG,0, 0.5, NO,0, 0.5, NO,0.5, 0.5, 0,0,
YES,100000,0,NO
YES,0.789473684210527,0,NO
YES,0.789473684210527,0,NO
NO, 0, 0, NO
NO, 0, 0, NO
NO, 0, 0, NO
0, 0, 0, 0, 0, 0, 0, 0, 0, 0, 0, 0, 0, 0, 0, 0, 0, 0, 0, 0, 0, 0, 0, 0, 0, 0, 0, 0, 0, 0, 0
ばね特性4~3,ELEMENT,SPG,0, 0.5, NO,0, 0.5, NO,0.5, 0.5, 0,0,
YES,100000,0,NO
YES,2.10526315789474,0,NO
YES,2.10526315789474,0,NO
NO, 0, 0, NO
NO, 0, 0, NO
NO, 0, 0, NO
0, 0, 0, 0, 0, 0, 0, 0, 0, 0, 0, 0, 0, 0, 0, 0, 0, 0, 0, 0, 0, 0, 0, 0, 0, 0, 0, 0, 0, 0, 0
ばね特性5~5,ELEMENT,SPG,0, 0.5, NO,0, 0.5, NO,0.5, 0.5, 0,0,
YES,100000,0,NO
YES,4.21052631578947,0,NO
YES,4.21052631578947,0,NO
NO, 0, 0, NO
NO, 0, 0, NO
NO, 0, 0, NO
0, 0, 0, 0, 0, 0, 0, 0, 0, 0, 0, 0, 0, 0, 0, 0, 0, 0, 0, 0, 0, 0, 0, 0, 0, 0, 0, 0, 0, 0, 0
ばね特性3~3,ELEMENT,SPG,0, 0.5, NO,0, 0.5, NO,0.5, 0.5, 0,0,
YES,100000,0,NO
YES,1.57894736842105,0,NO
YES,1.57894736842105,0,NO
NO, 0, 0, NO
NO, 0, 0, NO
NO, 0, 0, NO
0, 0, 0, 0, 0, 0, 0, 0, 0, 0, 0, 0, 0, 0, 0, 0, 0, 0, 0, 0, 0, 0, 0, 0, 0, 0, 0, 0, 0, 0, 0
ばね特性5~6,ELEMENT,SPG,0, 0.5, NO,0, 0.5, NO,0.5, 0.5, 0,0,
YES,100000,0,NO
YES,4.21052631578947,0,NO
YES,4.21052631578947,0,NO
NO, 0, 0, NO
NO, 0, 0, NO
NO, 0, 0, NO
0, 0, 0, 0, 0, 0, 0, 0, 0, 0, 0, 0, 0, 0, 0, 0, 0, 0, 0, 0, 0, 0, 0, 0, 0, 0, 0, 0, 0, 0, 0
ばね特性2~4,ELEMENT,SPG,0, 0.5, NO,0, 0.5, NO,0.5, 0.5, 0,0,
YES,100000,0,NO
YES,0.789473684210527,0,NO
YES,0.789473684210527,0,NO
NO, 0, 0, NO
NO, 0, 0, NO
NO, 0, 0, NO
0, 0, 0, 0, 0, 0, 0, 0, 0, 0, 0, 0, 0, 0, 0, 0, 0, 0, 0, 0, 0, 0, 0, 0, 0, 0, 0, 0, 0, 0, 0
ばね特性4~4,ELEMENT,SPG,0, 0.5, NO,0, 0.5, NO,0.5, 0.5, 0,0,
YES,100000,0,NO
YES,2.10526315789474,0,NO
YES,2.10526315789474,0,NO
NO, 0, 0, NO
NO, 0, 0, NO
NO, 0, 0, NO
0, 0, 0, 0, 0, 0, 0, 0, 0, 0, 0, 0, 0, 0, 0, 0, 0, 0, 0, 0, 0, 0, 0, 0, 0, 0, 0, 0, 0, 0, 0
ばね特性5~7,ELEMENT,SPG,0, 0.5, NO,0, 0.5, NO,0.5, 0.5, 0,0,
YES,100000,0,NO
YES,4.21052631578947,0,NO
YES,4.21052631578947,0,NO
NO, 0, 0, NO
NO, 0, 0, NO
NO, 0, 0, NO
0, 0, 0, 0, 0, 0, 0, 0, 0, 0, 0, 0, 0, 0, 0, 0, 0, 0, 0, 0, 0, 0, 0, 0, 0, 0, 0, 0, 0, 0, 0
ばね特性2~5,ELEMENT,SPG,0, 0.5, NO,0, 0.5, NO,0.5, 0.5, 0,0,
YES,100000,0,NO
YES,0.789473684210527,0,NO
YES,0.789473684210527,0,NO
NO, 0, 0, NO
NO, 0, 0, NO
NO, 0, 0, NO
0, 0, 0, 0, 0, 0, 0, 0, 0, 0, 0, 0, 0, 0, 0, 0, 0, 0, 0, 0, 0, 0, 0, 0, 0, 0, 0, 0, 0, 0, 0
ばね特性4~5,ELEMENT,SPG,0, 0.5, NO,0, 0.5, NO,0.5, 0.5, 0,0,
YES,100000,0,NO
YES,2.10526315789474,0,NO
YES,2.10526315789474,0,NO
NO, 0, 0, NO
NO, 0, 0, NO
NO, 0, 0, NO
0, 0, 0, 0, 0, 0, 0, 0, 0, 0, 0, 0, 0, 0, 0, 0, 0, 0, 0, 0, 0, 0, 0, 0, 0, 0, 0, 0, 0, 0, 0
ばね特性1~2,ELEMENT,SPG,0, 0.5, NO,0, 0.5, NO,0.5, 0.5, 0,0,
YES,100000,0,NO
YES,0.394736842105263,0,NO
YES,0.394736842105263,0,NO
NO, 0, 0, NO
NO, 0, 0, NO
NO, 0, 0, NO
0, 0, 0, 0, 0, 0, 0, 0, 0, 0, 0, 0, 0, 0, 0, 0, 0, 0, 0, 0, 0, 0, 0, 0, 0, 0, 0, 0, 0, 0, 0
ばね特性4~6,ELEMENT,SPG,0, 0.5, NO,0, 0.5, NO,0.5, 0.5, 0,0,
YES,100000,0,NO
YES,2.10526315789474,0,NO
YES,2.10526315789474,0,NO
NO, 0, 0, NO
NO, 0, 0, NO
NO, 0, 0, NO
0, 0, 0, 0, 0, 0, 0, 0, 0, 0, 0, 0, 0, 0, 0, 0, 0, 0, 0, 0, 0, 0, 0, 0, 0, 0, 0, 0, 0, 0, 0
ばね特性4~7,ELEMENT,SPG,0, 0.5, NO,0, 0.5, NO,0.5, 0.5, 0,0,
YES,100000,0,NO
YES,2.10526315789474,0,NO
YES,2.10526315789474,0,NO
NO, 0, 0, NO
NO, 0, 0, NO
NO, 0, 0, NO
0, 0, 0, 0, 0, 0, 0, 0, 0, 0, 0, 0, 0, 0, 0, 0, 0, 0, 0, 0, 0, 0, 0, 0, 0, 0, 0, 0, 0, 0, 0
ばね特性2~6,ELEMENT,SPG,0, 0.5, NO,0, 0.5, NO,0.5, 0.5, 0,0,
YES,100000,0,NO
YES,0.789473684210527,0,NO
YES,0.789473684210527,0,NO
NO, 0, 0, NO
NO, 0, 0, NO
NO, 0, 0, NO
0, 0, 0, 0, 0, 0, 0, 0, 0, 0, 0, 0, 0, 0, 0, 0, 0, 0, 0, 0, 0, 0, 0, 0, 0, 0, 0, 0, 0, 0, 0
ばね特性5~8,ELEMENT,SPG,0, 0.5, NO,0, 0.5, NO,0.5, 0.5, 0,0,
YES,100000,0,NO
YES,4.21052631578947,0,NO
YES,4.21052631578947,0,NO
NO, 0, 0, NO
NO, 0, 0, NO
NO, 0, 0, NO
0, 0, 0, 0, 0, 0, 0, 0, 0, 0, 0, 0, 0, 0, 0, 0, 0, 0, 0, 0, 0, 0, 0, 0, 0, 0, 0, 0, 0, 0, 0
ばね特性3~4,ELEMENT,SPG,0, 0.5, NO,0, 0.5, NO,0.5, 0.5, 0,0,
YES,100000,0,NO
YES,1.57894736842105,0,NO
YES,1.57894736842105,0,NO
NO, 0, 0, NO
NO, 0, 0, NO
NO, 0, 0, NO
0, 0, 0, 0, 0, 0, 0, 0, 0, 0, 0, 0, 0, 0, 0, 0, 0, 0, 0, 0, 0, 0, 0, 0, 0, 0, 0, 0, 0, 0, 0
ばね特性5~9,ELEMENT,SPG,0, 0.5, NO,0, 0.5, NO,0.5, 0.5, 0,0,
YES,100000,0,NO
YES,4.21052631578947,0,NO
YES,4.21052631578947,0,NO
NO, 0, 0, NO
NO, 0, 0, NO
NO, 0, 0, NO
0, 0, 0, 0, 0, 0, 0, 0, 0, 0, 0, 0, 0, 0, 0, 0, 0, 0, 0, 0, 0, 0, 0, 0, 0, 0, 0, 0, 0, 0, 0
ばね特性5~10,ELEMENT,SPG,0, 0.5, NO,0, 0.5, NO,0.5, 0.5, 0,0,
YES,100000,0,NO
YES,4.21052631578947,0,NO
YES,4.21052631578947,0,NO
NO, 0, 0, NO
NO, 0, 0, NO
NO, 0, 0, NO
0, 0, 0, 0, 0, 0, 0, 0, 0, 0, 0, 0, 0, 0, 0, 0, 0, 0, 0, 0, 0, 0, 0, 0, 0, 0, 0, 0, 0, 0, 0
ばね特性3~5,ELEMENT,SPG,0, 0.5, NO,0, 0.5, NO,0.5, 0.5, 0,0,
YES,100000,0,NO
YES,1.57894736842105,0,NO
YES,1.57894736842105,0,NO
NO, 0, 0, NO
NO, 0, 0, NO
NO, 0, 0, NO
0, 0, 0, 0, 0, 0, 0, 0, 0, 0, 0, 0, 0, 0, 0, 0, 0, 0, 0, 0, 0, 0, 0, 0, 0, 0, 0, 0, 0, 0, 0
ばね特性5~11,ELEMENT,SPG,0, 0.5, NO,0, 0.5, NO,0.5, 0.5, 0,0,
YES,100000,0,NO
YES,4.21052631578947,0,NO
YES,4.21052631578947,0,NO
NO, 0, 0, NO
NO, 0, 0, NO
NO, 0, 0, NO
0, 0, 0, 0, 0, 0, 0, 0, 0, 0, 0, 0, 0, 0, 0, 0, 0, 0, 0, 0, 0, 0, 0, 0, 0, 0, 0, 0, 0, 0, 0
ばね特性5~12,ELEMENT,SPG,0, 0.5, NO,0, 0.5, NO,0.5, 0.5, 0,0,
YES,100000,0,NO
YES,4.21052631578947,0,NO
YES,4.21052631578947,0,NO
NO, 0, 0, NO
NO, 0, 0, NO
NO, 0, 0, NO
0, 0, 0, 0, 0, 0, 0, 0, 0, 0, 0, 0, 0, 0, 0, 0, 0, 0, 0, 0, 0, 0, 0, 0, 0, 0, 0, 0, 0, 0, 0
ばね特性3~6,ELEMENT,SPG,0, 0.5, NO,0, 0.5, NO,0.5, 0.5, 0,0,
YES,100000,0,NO
YES,1.57894736842105,0,NO
YES,1.57894736842105,0,NO
NO, 0, 0, NO
NO, 0, 0, NO
NO, 0, 0, NO
0, 0, 0, 0, 0, 0, 0, 0, 0, 0, 0, 0, 0, 0, 0, 0, 0, 0, 0, 0, 0, 0, 0, 0, 0, 0, 0, 0, 0, 0, 0
ばね特性5~13,ELEMENT,SPG,0, 0.5, NO,0, 0.5, NO,0.5, 0.5, 0,0,
YES,100000,0,NO
YES,4.21052631578947,0,NO
YES,4.21052631578947,0,NO
NO, 0, 0, NO
NO, 0, 0, NO
NO, 0, 0, NO
0, 0, 0, 0, 0, 0, 0, 0, 0, 0, 0, 0, 0, 0, 0, 0, 0, 0, 0, 0, 0, 0, 0, 0, 0, 0, 0, 0, 0, 0, 0
ばね特性5~14,ELEMENT,SPG,0, 0.5, NO,0, 0.5, NO,0.5, 0.5, 0,0,
YES,100000,0,NO
YES,4.21052631578947,0,NO
YES,4.21052631578947,0,NO
NO, 0, 0, NO
NO, 0, 0, NO
NO, 0, 0, NO
0, 0, 0, 0, 0, 0, 0, 0, 0, 0, 0, 0, 0, 0, 0, 0, 0, 0, 0, 0, 0, 0, 0, 0, 0, 0, 0, 0, 0, 0, 0
ばね特性2~7,ELEMENT,SPG,0, 0.5, NO,0, 0.5, NO,0.5, 0.5, 0,0,
YES,100000,0,NO
YES,0.789473684210527,0,NO
YES,0.789473684210527,0,NO
NO, 0, 0, NO
NO, 0, 0, NO
NO, 0, 0, NO
0, 0, 0, 0, 0, 0, 0, 0, 0, 0, 0, 0, 0, 0, 0, 0, 0, 0, 0, 0, 0, 0, 0, 0, 0, 0, 0, 0, 0, 0, 0
ばね特性4~8,ELEMENT,SPG,0, 0.5, NO,0, 0.5, NO,0.5, 0.5, 0,0,
YES,100000,0,NO
YES,2.10526315789474,0,NO
YES,2.10526315789474,0,NO
NO, 0, 0, NO
NO, 0, 0, NO
NO, 0, 0, NO
0, 0, 0, 0, 0, 0, 0, 0, 0, 0, 0, 0, 0, 0, 0, 0, 0, 0, 0, 0, 0, 0, 0, 0, 0, 0, 0, 0, 0, 0, 0
ばね特性4~9,ELEMENT,SPG,0, 0.5, NO,0, 0.5, NO,0.5, 0.5, 0,0,
YES,100000,0,NO
YES,2.10526315789474,0,NO
YES,2.10526315789474,0,NO
NO, 0, 0, NO
NO, 0, 0, NO
NO, 0, 0, NO
0, 0, 0, 0, 0, 0, 0, 0, 0, 0, 0, 0, 0, 0, 0, 0, 0, 0, 0, 0, 0, 0, 0, 0, 0, 0, 0, 0, 0, 0, 0
ばね特性1~3,ELEMENT,SPG,0, 0.5, NO,0, 0.5, NO,0.5, 0.5, 0,0,
YES,100000,0,NO
YES,0.394736842105263,0,NO
YES,0.394736842105263,0,NO
NO, 0, 0, NO
NO, 0, 0, NO
NO, 0, 0, NO
0, 0, 0, 0, 0, 0, 0, 0, 0, 0, 0, 0, 0, 0, 0, 0, 0, 0, 0, 0, 0, 0, 0, 0, 0, 0, 0, 0, 0, 0, 0
ばね特性4~10,ELEMENT,SPG,0, 0.5, NO,0, 0.5, NO,0.5, 0.5, 0,0,
YES,100000,0,NO
YES,2.10526315789474,0,NO
YES,2.10526315789474,0,NO
NO, 0, 0, NO
NO, 0, 0, NO
NO, 0, 0, NO
0, 0, 0, 0, 0, 0, 0, 0, 0, 0, 0, 0, 0, 0, 0, 0, 0, 0, 0, 0, 0, 0, 0, 0, 0, 0, 0, 0, 0, 0, 0
ばね特性2~8,ELEMENT,SPG,0, 0.5, NO,0, 0.5, NO,0.5, 0.5, 0,0,
YES,100000,0,NO
YES,0.789473684210527,0,NO
YES,0.789473684210527,0,NO
NO, 0, 0, NO
NO, 0, 0, NO
NO, 0, 0, NO
0, 0, 0, 0, 0, 0, 0, 0, 0, 0, 0, 0, 0, 0, 0, 0, 0, 0, 0, 0, 0, 0, 0, 0, 0, 0, 0, 0, 0, 0, 0
ばね特性5~15,ELEMENT,SPG,0, 0.5, NO,0, 0.5, NO,0.5, 0.5, 0,0,
YES,100000,0,NO
YES,4.21052631578947,0,NO
YES,4.21052631578947,0,NO
NO, 0, 0, NO
NO, 0, 0, NO
NO, 0, 0, NO
0, 0, 0, 0, 0, 0, 0, 0, 0, 0, 0, 0, 0, 0, 0, 0, 0, 0, 0, 0, 0, 0, 0, 0, 0, 0, 0, 0, 0, 0, 0
ばね特性4~11,ELEMENT,SPG,0, 0.5, NO,0, 0.5, NO,0.5, 0.5, 0,0,
YES,100000,0,NO
YES,2.10526315789474,0,NO
YES,2.10526315789474,0,NO
NO, 0, 0, NO
NO, 0, 0, NO
NO, 0, 0, NO
0, 0, 0, 0, 0, 0, 0, 0, 0, 0, 0, 0, 0, 0, 0, 0, 0, 0, 0, 0, 0, 0, 0, 0, 0, 0, 0, 0, 0, 0, 0
ばね特性2~9,ELEMENT,SPG,0, 0.5, NO,0, 0.5, NO,0.5, 0.5, 0,0,
YES,100000,0,NO
YES,0.789473684210527,0,NO
YES,0.789473684210527,0,NO
NO, 0, 0, NO
NO, 0, 0, NO
NO, 0, 0, NO
0, 0, 0, 0, 0, 0, 0, 0, 0, 0, 0, 0, 0, 0, 0, 0, 0, 0, 0, 0, 0, 0, 0, 0, 0, 0, 0, 0, 0, 0, 0
ばね特性5~16,ELEMENT,SPG,0, 0.5, NO,0, 0.5, NO,0.5, 0.5, 0,0,
YES,100000,0,NO
YES,4.21052631578947,0,NO
YES,4.21052631578947,0,NO
NO, 0, 0, NO
NO, 0, 0, NO
NO, 0, 0, NO
0, 0, 0, 0, 0, 0, 0, 0, 0, 0, 0, 0, 0, 0, 0, 0, 0, 0, 0, 0, 0, 0, 0, 0, 0, 0, 0, 0, 0, 0, 0
ばね特性4~12,ELEMENT,SPG,0, 0.5, NO,0, 0.5, NO,0.5, 0.5, 0,0,
YES,100000,0,NO
YES,2.10526315789474,0,NO
YES,2.10526315789474,0,NO
NO, 0, 0, NO
NO, 0, 0, NO
NO, 0, 0, NO
0, 0, 0, 0, 0, 0, 0, 0, 0, 0, 0, 0, 0, 0, 0, 0, 0, 0, 0, 0, 0, 0, 0, 0, 0, 0, 0, 0, 0, 0, 0
ばね特性2~10,ELEMENT,SPG,0, 0.5, NO,0, 0.5, NO,0.5, 0.5, 0,0,
YES,100000,0,NO
YES,0.789473684210527,0,NO
YES,0.789473684210527,0,NO
NO, 0, 0, NO
NO, 0, 0, NO
NO, 0, 0, NO
0, 0, 0, 0, 0, 0, 0, 0, 0, 0, 0, 0, 0, 0, 0, 0, 0, 0, 0, 0, 0, 0, 0, 0, 0, 0, 0, 0, 0, 0, 0
ばね特性5~17,ELEMENT,SPG,0, 0.5, NO,0, 0.5, NO,0.5, 0.5, 0,0,
YES,100000,0,NO
YES,4.21052631578947,0,NO
YES,4.21052631578947,0,NO
NO, 0, 0, NO
NO, 0, 0, NO
NO, 0, 0, NO
0, 0, 0, 0, 0, 0, 0, 0, 0, 0, 0, 0, 0, 0, 0, 0, 0, 0, 0, 0, 0, 0, 0, 0, 0, 0, 0, 0, 0, 0, 0
ばね特性4~13,ELEMENT,SPG,0, 0.5, NO,0, 0.5, NO,0.5, 0.5, 0,0,
YES,100000,0,NO
YES,2.10526315789474,0,NO
YES,2.10526315789474,0,NO
NO, 0, 0, NO
NO, 0, 0, NO
NO, 0, 0, NO
0, 0, 0, 0, 0, 0, 0, 0, 0, 0, 0, 0, 0, 0, 0, 0, 0, 0, 0, 0, 0, 0, 0, 0, 0, 0, 0, 0, 0, 0, 0
ばね特性1~4,ELEMENT,SPG,0, 0.5, NO,0, 0.5, NO,0.5, 0.5, 0,0,
YES,100000,0,NO
YES,0.394736842105263,0,NO
YES,0.394736842105263,0,NO
NO, 0, 0, NO
NO, 0, 0, NO
NO, 0, 0, NO
0, 0, 0, 0, 0, 0, 0, 0, 0, 0, 0, 0, 0, 0, 0, 0, 0, 0, 0, 0, 0, 0, 0, 0, 0, 0, 0, 0, 0, 0, 0
ばね特性4~14,ELEMENT,SPG,0, 0.5, NO,0, 0.5, NO,0.5, 0.5, 0,0,
YES,100000,0,NO
YES,2.10526315789474,0,NO
YES,2.10526315789474,0,NO
NO, 0, 0, NO
NO, 0, 0, NO
NO, 0, 0, NO
0, 0, 0, 0, 0, 0, 0, 0, 0, 0, 0, 0, 0, 0, 0, 0, 0, 0, 0, 0, 0, 0, 0, 0, 0, 0, 0, 0, 0, 0, 0
ばね特性1~5,ELEMENT,SPG,0, 0.5, NO,0, 0.5, NO,0.5, 0.5, 0,0,
YES,100000,0,NO
YES,0.394736842105263,0,NO
YES,0.394736842105263,0,NO
NO, 0, 0, NO
NO, 0, 0, NO
NO, 0, 0, NO
0, 0, 0, 0, 0, 0, 0, 0, 0, 0, 0, 0, 0, 0, 0, 0, 0, 0, 0, 0, 0, 0, 0, 0, 0, 0, 0, 0, 0, 0, 0
ばね特性4~15,ELEMENT,SPG,0, 0.5, NO,0, 0.5, NO,0.5, 0.5, 0,0,
YES,100000,0,NO
YES,2.10526315789474,0,NO
YES,2.10526315789474,0,NO
NO, 0, 0, NO
NO, 0, 0, NO
NO, 0, 0, NO
0, 0, 0, 0, 0, 0, 0, 0, 0, 0, 0, 0, 0, 0, 0, 0, 0, 0, 0, 0, 0, 0, 0, 0, 0, 0, 0, 0, 0, 0, 0
ばね特性2~11,ELEMENT,SPG,0, 0.5, NO,0, 0.5, NO,0.5, 0.5, 0,0,
YES,100000,0,NO
YES,0.789473684210527,0,NO
YES,0.789473684210527,0,NO
NO, 0, 0, NO
NO, 0, 0, NO
NO, 0, 0, NO
0, 0, 0, 0, 0, 0, 0, 0, 0, 0, 0, 0, 0, 0, 0, 0, 0, 0, 0, 0, 0, 0, 0, 0, 0, 0, 0, 0, 0, 0, 0
ばね特性5~18,ELEMENT,SPG,0, 0.5, NO,0, 0.5, NO,0.5, 0.5, 0,0,
YES,100000,0,NO
YES,4.21052631578947,0,NO
YES,4.21052631578947,0,NO
NO, 0, 0, NO
NO, 0, 0, NO
NO, 0, 0, NO
0, 0, 0, 0, 0, 0, 0, 0, 0, 0, 0, 0, 0, 0, 0, 0, 0, 0, 0, 0, 0, 0, 0, 0, 0, 0, 0, 0, 0, 0, 0
ばね特性3~7,ELEMENT,SPG,0, 0.5, NO,0, 0.5, NO,0.5, 0.5, 0,0,
YES,100000,0,NO
YES,1.57894736842105,0,NO
YES,1.57894736842105,0,NO
NO, 0, 0, NO
NO, 0, 0, NO
NO, 0, 0, NO
0, 0, 0, 0, 0, 0, 0, 0, 0, 0, 0, 0, 0, 0, 0, 0, 0, 0, 0, 0, 0, 0, 0, 0, 0, 0, 0, 0, 0, 0, 0
ばね特性5~19,ELEMENT,SPG,0, 0.5, NO,0, 0.5, NO,0.5, 0.5, 0,0,
YES,100000,0,NO
YES,4.21052631578947,0,NO
YES,4.21052631578947,0,NO
NO, 0, 0, NO
NO, 0, 0, NO
NO, 0, 0, NO
0, 0, 0, 0, 0, 0, 0, 0, 0, 0, 0, 0, 0, 0, 0, 0, 0, 0, 0, 0, 0, 0, 0, 0, 0, 0, 0, 0, 0, 0, 0
ばね特性2~12,ELEMENT,SPG,0, 0.5, NO,0, 0.5, NO,0.5, 0.5, 0,0,
YES,100000,0,NO
YES,0.789473684210527,0,NO
YES,0.789473684210527,0,NO
NO, 0, 0, NO
NO, 0, 0, NO
NO, 0, 0, NO
0, 0, 0, 0, 0, 0, 0, 0, 0, 0, 0, 0, 0, 0, 0, 0, 0, 0, 0, 0, 0, 0, 0, 0, 0, 0, 0, 0, 0, 0, 0
ばね特性4~16,ELEMENT,SPG,0, 0.5, NO,0, 0.5, NO,0.5, 0.5, 0,0,
YES,100000,0,NO
YES,2.10526315789474,0,NO
YES,2.10526315789474,0,NO
NO, 0, 0, NO
NO, 0, 0, NO
NO, 0, 0, NO
0, 0, 0, 0, 0, 0, 0, 0, 0, 0, 0, 0, 0, 0, 0, 0, 0, 0, 0, 0, 0, 0, 0, 0, 0, 0, 0, 0, 0, 0, 0
ばね特性4~17,ELEMENT,SPG,0, 0.5, NO,0, 0.5, NO,0.5, 0.5, 0,0,
YES,100000,0,NO
YES,2.10526315789474,0,NO
YES,2.10526315789474,0,NO
NO, 0, 0, NO
NO, 0, 0, NO
NO, 0, 0, NO
0, 0, 0, 0, 0, 0, 0, 0, 0, 0, 0, 0, 0, 0, 0, 0, 0, 0, 0, 0, 0, 0, 0, 0, 0, 0, 0, 0, 0, 0, 0
ばね特性2~13,ELEMENT,SPG,0, 0.5, NO,0, 0.5, NO,0.5, 0.5, 0,0,
YES,100000,0,NO
YES,0.789473684210527,0,NO
YES,0.789473684210527,0,NO
NO, 0, 0, NO
NO, 0, 0, NO
NO, 0, 0, NO
0, 0, 0, 0, 0, 0, 0, 0, 0, 0, 0, 0, 0, 0, 0, 0, 0, 0, 0, 0, 0, 0, 0, 0, 0, 0, 0, 0, 0, 0, 0
ばね特性5~20,ELEMENT,SPG,0, 0.5, NO,0, 0.5, NO,0.5, 0.5, 0,0,
YES,100000,0,NO
YES,4.21052631578947,0,NO
YES,4.21052631578947,0,NO
NO, 0, 0, NO
NO, 0, 0, NO
NO, 0, 0, NO
0, 0, 0, 0, 0, 0, 0, 0, 0, 0, 0, 0, 0, 0, 0, 0, 0, 0, 0, 0, 0, 0, 0, 0, 0, 0, 0, 0, 0, 0, 0
ばね特性3~8,ELEMENT,SPG,0, 0.5, NO,0, 0.5, NO,0.5, 0.5, 0,0,
YES,100000,0,NO
YES,1.57894736842105,0,NO
YES,1.57894736842105,0,NO
NO, 0, 0, NO
NO, 0, 0, NO
NO, 0, 0, NO
0, 0, 0, 0, 0, 0, 0, 0, 0, 0, 0, 0, 0, 0, 0, 0, 0, 0, 0, 0, 0, 0, 0, 0, 0, 0, 0, 0, 0, 0, 0
ばね特性5~21,ELEMENT,SPG,0, 0.5, NO,0, 0.5, NO,0.5, 0.5, 0,0,
YES,100000,0,NO
YES,4.21052631578947,0,NO
YES,4.21052631578947,0,NO
NO, 0, 0, NO
NO, 0, 0, NO
NO, 0, 0, NO
0, 0, 0, 0, 0, 0, 0, 0, 0, 0, 0, 0, 0, 0, 0, 0, 0, 0, 0, 0, 0, 0, 0, 0, 0, 0, 0, 0, 0, 0, 0
ばね特性4~18,ELEMENT,SPG,0, 0.5, NO,0, 0.5, NO,0.5, 0.5, 0,0,
YES,100000,0,NO
YES,2.10526315789474,0,NO
YES,2.10526315789474,0,NO
NO, 0, 0, NO
NO, 0, 0, NO
NO, 0, 0, NO
0, 0, 0, 0, 0, 0, 0, 0, 0, 0, 0, 0, 0, 0, 0, 0, 0, 0, 0, 0, 0, 0, 0, 0, 0, 0, 0, 0, 0, 0, 0
ばね特性1~6,ELEMENT,SPG,0, 0.5, NO,0, 0.5, NO,0.5, 0.5, 0,0,
YES,100000,0,NO
YES,0.394736842105263,0,NO
YES,0.394736842105263,0,NO
NO, 0, 0, NO
NO, 0, 0, NO
NO, 0, 0, NO
0, 0, 0, 0, 0, 0, 0, 0, 0, 0, 0, 0, 0, 0, 0, 0, 0, 0, 0, 0, 0, 0, 0, 0, 0, 0, 0, 0, 0, 0, 0
ばね特性4~19,ELEMENT,SPG,0, 0.5, NO,0, 0.5, NO,0.5, 0.5, 0,0,
YES,100000,0,NO
YES,2.10526315789474,0,NO
YES,2.10526315789474,0,NO
NO, 0, 0, NO
NO, 0, 0, NO
NO, 0, 0, NO
0, 0, 0, 0, 0, 0, 0, 0, 0, 0, 0, 0, 0, 0, 0, 0, 0, 0, 0, 0, 0, 0, 0, 0, 0, 0, 0, 0, 0, 0, 0
ばね特性2~14,ELEMENT,SPG,0, 0.5, NO,0, 0.5, NO,0.5, 0.5, 0,0,
YES,100000,0,NO
YES,0.789473684210527,0,NO
YES,0.789473684210527,0,NO
NO, 0, 0, NO
NO, 0, 0, NO
NO, 0, 0, NO
0, 0, 0, 0, 0, 0, 0, 0, 0, 0, 0, 0, 0, 0, 0, 0, 0, 0, 0, 0, 0, 0, 0, 0, 0, 0, 0, 0, 0, 0, 0
ばね特性5~22,ELEMENT,SPG,0, 0.5, NO,0, 0.5, NO,0.5, 0.5, 0,0,
YES,100000,0,NO
YES,4.21052631578947,0,NO
YES,4.21052631578947,0,NO
NO, 0, 0, NO
NO, 0, 0, NO
NO, 0, 0, NO
0, 0, 0, 0, 0, 0, 0, 0, 0, 0, 0, 0, 0, 0, 0, 0, 0, 0, 0, 0, 0, 0, 0, 0, 0, 0, 0, 0, 0, 0, 0
ばね特性5~23,ELEMENT,SPG,0, 0.5, NO,0, 0.5, NO,0.5, 0.5, 0,0,
YES,100000,0,NO
YES,4.21052631578947,0,NO
YES,4.21052631578947,0,NO
NO, 0, 0, NO
NO, 0, 0, NO
NO, 0, 0, NO
0, 0, 0, 0, 0, 0, 0, 0, 0, 0, 0, 0, 0, 0, 0, 0, 0, 0, 0, 0, 0, 0, 0, 0, 0, 0, 0, 0, 0, 0, 0
ばね特性3~9,ELEMENT,SPG,0, 0.5, NO,0, 0.5, NO,0.5, 0.5, 0,0,
YES,100000,0,NO
YES,1.57894736842105,0,NO
YES,1.57894736842105,0,NO
NO, 0, 0, NO
NO, 0, 0, NO
NO, 0, 0, NO
0, 0, 0, 0, 0, 0, 0, 0, 0, 0, 0, 0, 0, 0, 0, 0, 0, 0, 0, 0, 0, 0, 0, 0, 0, 0, 0, 0, 0, 0, 0
ばね特性5~24,ELEMENT,SPG,0, 0.5, NO,0, 0.5, NO,0.5, 0.5, 0,0,
YES,100000,0,NO
YES,4.21052631578947,0,NO
YES,4.21052631578947,0,NO
NO, 0, 0, NO
NO, 0, 0, NO
NO, 0, 0, NO
0, 0, 0, 0, 0, 0, 0, 0, 0, 0, 0, 0, 0, 0, 0, 0, 0, 0, 0, 0, 0, 0, 0, 0, 0, 0, 0, 0, 0, 0, 0
ばね特性2~15,ELEMENT,SPG,0, 0.5, NO,0, 0.5, NO,0.5, 0.5, 0,0,
YES,100000,0,NO
YES,0.789473684210527,0,NO
YES,0.789473684210527,0,NO
NO, 0, 0, NO
NO, 0, 0, NO
NO, 0, 0, NO
0, 0, 0, 0, 0, 0, 0, 0, 0, 0, 0, 0, 0, 0, 0, 0, 0, 0, 0, 0, 0, 0, 0, 0, 0, 0, 0, 0, 0, 0, 0
ばね特性4~20,ELEMENT,SPG,0, 0.5, NO,0, 0.5, NO,0.5, 0.5, 0,0,
YES,100000,0,NO
YES,2.10526315789474,0,NO
YES,2.10526315789474,0,NO
NO, 0, 0, NO
NO, 0, 0, NO
NO, 0, 0, NO
0, 0, 0, 0, 0, 0, 0, 0, 0, 0, 0, 0, 0, 0, 0, 0, 0, 0, 0, 0, 0, 0, 0, 0, 0, 0, 0, 0, 0, 0, 0
ばね特性5~25,ELEMENT,SPG,0, 0.5, NO,0, 0.5, NO,0.5, 0.5, 0,0,
YES,100000,0,NO
YES,4.21052631578947,0,NO
YES,4.21052631578947,0,NO
NO, 0, 0, NO
NO, 0, 0, NO
NO, 0, 0, NO
0, 0, 0, 0, 0, 0, 0, 0, 0, 0, 0, 0, 0, 0, 0, 0, 0, 0, 0, 0, 0, 0, 0, 0, 0, 0, 0, 0, 0, 0, 0
ばね特性3~10,ELEMENT,SPG,0, 0.5, NO,0, 0.5, NO,0.5, 0.5, 0,0,
YES,100000,0,NO
YES,1.57894736842105,0,NO
YES,1.57894736842105,0,NO
NO, 0, 0, NO
NO, 0, 0, NO
NO, 0, 0, NO
0, 0, 0, 0, 0, 0, 0, 0, 0, 0, 0, 0, 0, 0, 0, 0, 0, 0, 0, 0, 0, 0, 0, 0, 0, 0, 0, 0, 0, 0, 0
ばね特性5~26,ELEMENT,SPG,0, 0.5, NO,0, 0.5, NO,0.5, 0.5, 0,0,
YES,100000,0,NO
YES,4.21052631578947,0,NO
YES,4.21052631578947,0,NO
NO, 0, 0, NO
NO, 0, 0, NO
NO, 0, 0, NO
0, 0, 0, 0, 0, 0, 0, 0, 0, 0, 0, 0, 0, 0, 0, 0, 0, 0, 0, 0, 0, 0, 0, 0, 0, 0, 0, 0, 0, 0, 0
ばね特性4~21,ELEMENT,SPG,0, 0.5, NO,0, 0.5, NO,0.5, 0.5, 0,0,
YES,100000,0,NO
YES,2.10526315789474,0,NO
YES,2.10526315789474,0,NO
NO, 0, 0, NO
NO, 0, 0, NO
NO, 0, 0, NO
0, 0, 0, 0, 0, 0, 0, 0, 0, 0, 0, 0, 0, 0, 0, 0, 0, 0, 0, 0, 0, 0, 0, 0, 0, 0, 0, 0, 0, 0, 0
ばね特性2~16,ELEMENT,SPG,0, 0.5, NO,0, 0.5, NO,0.5, 0.5, 0,0,
YES,100000,0,NO
YES,0.789473684210527,0,NO
YES,0.789473684210527,0,NO
NO, 0, 0, NO
NO, 0, 0, NO
NO, 0, 0, NO
0, 0, 0, 0, 0, 0, 0, 0, 0, 0, 0, 0, 0, 0, 0, 0, 0, 0, 0, 0, 0, 0, 0, 0, 0, 0, 0, 0, 0, 0, 0
ばね特性5~27,ELEMENT,SPG,0, 0.5, NO,0, 0.5, NO,0.5, 0.5, 0,0,
YES,100000,0,NO
YES,4.21052631578947,0,NO
YES,4.21052631578947,0,NO
NO, 0, 0, NO
NO, 0, 0, NO
NO, 0, 0, NO
0, 0, 0, 0, 0, 0, 0, 0, 0, 0, 0, 0, 0, 0, 0, 0, 0, 0, 0, 0, 0, 0, 0, 0, 0, 0, 0, 0, 0, 0, 0
ばね特性5~28,ELEMENT,SPG,0, 0.5, NO,0, 0.5, NO,0.5, 0.5, 0,0,
YES,100000,0,NO
YES,4.21052631578947,0,NO
YES,4.21052631578947,0,NO
NO, 0, 0, NO
NO, 0, 0, NO
NO, 0, 0, NO
0, 0, 0, 0, 0, 0, 0, 0, 0, 0, 0, 0, 0, 0, 0, 0, 0, 0, 0, 0, 0, 0, 0, 0, 0, 0, 0, 0, 0, 0, 0
ばね特性3~11,ELEMENT,SPG,0, 0.5, NO,0, 0.5, NO,0.5, 0.5, 0,0,
YES,100000,0,NO
YES,1.57894736842105,0,NO
YES,1.57894736842105,0,NO
NO, 0, 0, NO
NO, 0, 0, NO
NO, 0, 0, NO
0, 0, 0, 0, 0, 0, 0, 0, 0, 0, 0, 0, 0, 0, 0, 0, 0, 0, 0, 0, 0, 0, 0, 0, 0, 0, 0, 0, 0, 0, 0
ばね特性5~29,ELEMENT,SPG,0, 0.5, NO,0, 0.5, NO,0.5, 0.5, 0,0,
YES,100000,0,NO
YES,4.21052631578947,0,NO
YES,4.21052631578947,0,NO
NO, 0, 0, NO
NO, 0, 0, NO
NO, 0, 0, NO
0, 0, 0, 0, 0, 0, 0, 0, 0, 0, 0, 0, 0, 0, 0, 0, 0, 0, 0, 0, 0, 0, 0, 0, 0, 0, 0, 0, 0, 0, 0
ばね特性2~17,ELEMENT,SPG,0, 0.5, NO,0, 0.5, NO,0.5, 0.5, 0,0,
YES,100000,0,NO
YES,0.789473684210527,0,NO
YES,0.789473684210527,0,NO
NO, 0, 0, NO
NO, 0, 0, NO
NO, 0, 0, NO
0, 0, 0, 0, 0, 0, 0, 0, 0, 0, 0, 0, 0, 0, 0, 0, 0, 0, 0, 0, 0, 0, 0, 0, 0, 0, 0, 0, 0, 0, 0
ばね特性4~22,ELEMENT,SPG,0, 0.5, NO,0, 0.5, NO,0.5, 0.5, 0,0,
YES,100000,0,NO
YES,2.10526315789474,0,NO
YES,2.10526315789474,0,NO
NO, 0, 0, NO
NO, 0, 0, NO
NO, 0, 0, NO
0, 0, 0, 0, 0, 0, 0, 0, 0, 0, 0, 0, 0, 0, 0, 0, 0, 0, 0, 0, 0, 0, 0, 0, 0, 0, 0, 0, 0, 0, 0
ばね特性5~30,ELEMENT,SPG,0, 0.5, NO,0, 0.5, NO,0.5, 0.5, 0,0,
YES,100000,0,NO
YES,4.21052631578947,0,NO
YES,4.21052631578947,0,NO
NO, 0, 0, NO
NO, 0, 0, NO
NO, 0, 0, NO
0, 0, 0, 0, 0, 0, 0, 0, 0, 0, 0, 0, 0, 0, 0, 0, 0, 0, 0, 0, 0, 0, 0, 0, 0, 0, 0, 0, 0, 0, 0
ばね特性3~12,ELEMENT,SPG,0, 0.5, NO,0, 0.5, NO,0.5, 0.5, 0,0,
YES,100000,0,NO
YES,1.57894736842105,0,NO
YES,1.57894736842105,0,NO
NO, 0, 0, NO
NO, 0, 0, NO
NO, 0, 0, NO
0, 0, 0, 0, 0, 0, 0, 0, 0, 0, 0, 0, 0, 0, 0, 0, 0, 0, 0, 0, 0, 0, 0, 0, 0, 0, 0, 0, 0, 0, 0
ばね特性5~31,ELEMENT,SPG,0, 0.5, NO,0, 0.5, NO,0.5, 0.5, 0,0,
YES,100000,0,NO
YES,4.21052631578947,0,NO
YES,4.21052631578947,0,NO
NO, 0, 0, NO
NO, 0, 0, NO
NO, 0, 0, NO
0, 0, 0, 0, 0, 0, 0, 0, 0, 0, 0, 0, 0, 0, 0, 0, 0, 0, 0, 0, 0, 0, 0, 0, 0, 0, 0, 0, 0, 0, 0
ばね特性4~23,ELEMENT,SPG,0, 0.5, NO,0, 0.5, NO,0.5, 0.5, 0,0,
YES,100000,0,NO
YES,2.10526315789474,0,NO
YES,2.10526315789474,0,NO
NO, 0, 0, NO
NO, 0, 0, NO
NO, 0, 0, NO
0, 0, 0, 0, 0, 0, 0, 0, 0, 0, 0, 0, 0, 0, 0, 0, 0, 0, 0, 0, 0, 0, 0, 0, 0, 0, 0, 0, 0, 0, 0
ばね特性2~18,ELEMENT,SPG,0, 0.5, NO,0, 0.5, NO,0.5, 0.5, 0,0,
YES,100000,0,NO
YES,0.789473684210527,0,NO
YES,0.789473684210527,0,NO
NO, 0, 0, NO
NO, 0, 0, NO
NO, 0, 0, NO
0, 0, 0, 0, 0, 0, 0, 0, 0, 0, 0, 0, 0, 0, 0, 0, 0, 0, 0, 0, 0, 0, 0, 0, 0, 0, 0, 0, 0, 0, 0
ばね特性5~32,ELEMENT,SPG,0, 0.5, NO,0, 0.5, NO,0.5, 0.5, 0,0,
YES,100000,0,NO
YES,4.21052631578947,0,NO
YES,4.21052631578947,0,NO
NO, 0, 0, NO
NO, 0, 0, NO
NO, 0, 0, NO
0, 0, 0, 0, 0, 0, 0, 0, 0, 0, 0, 0, 0, 0, 0, 0, 0, 0, 0, 0, 0, 0, 0, 0, 0, 0, 0, 0, 0, 0, 0
ばね特性5~33,ELEMENT,SPG,0, 0.5, NO,0, 0.5, NO,0.5, 0.5, 0,0,
YES,100000,0,NO
YES,4.21052631578947,0,NO
YES,4.21052631578947,0,NO
NO, 0, 0, NO
NO, 0, 0, NO
NO, 0, 0, NO
0, 0, 0, 0, 0, 0, 0, 0, 0, 0, 0, 0, 0, 0, 0, 0, 0, 0, 0, 0, 0, 0, 0, 0, 0, 0, 0, 0, 0, 0, 0
ばね特性3~13,ELEMENT,SPG,0, 0.5, NO,0, 0.5, NO,0.5, 0.5, 0,0,
YES,100000,0,NO
YES,1.57894736842105,0,NO
YES,1.57894736842105,0,NO
NO, 0, 0, NO
NO, 0, 0, NO
NO, 0, 0, NO
0, 0, 0, 0, 0, 0, 0, 0, 0, 0, 0, 0, 0, 0, 0, 0, 0, 0, 0, 0, 0, 0, 0, 0, 0, 0, 0, 0, 0, 0, 0
ばね特性5~34,ELEMENT,SPG,0, 0.5, NO,0, 0.5, NO,0.5, 0.5, 0,0,
YES,100000,0,NO
YES,4.21052631578947,0,NO
YES,4.21052631578947,0,NO
NO, 0, 0, NO
NO, 0, 0, NO
NO, 0, 0, NO
0, 0, 0, 0, 0, 0, 0, 0, 0, 0, 0, 0, 0, 0, 0, 0, 0, 0, 0, 0, 0, 0, 0, 0, 0, 0, 0, 0, 0, 0, 0
ばね特性2~19,ELEMENT,SPG,0, 0.5, NO,0, 0.5, NO,0.5, 0.5, 0,0,
YES,100000,0,NO
YES,0.789473684210527,0,NO
YES,0.789473684210527,0,NO
NO, 0, 0, NO
NO, 0, 0, NO
NO, 0, 0, NO
0, 0, 0, 0, 0, 0, 0, 0, 0, 0, 0, 0, 0, 0, 0, 0, 0, 0, 0, 0, 0, 0, 0, 0, 0, 0, 0, 0, 0, 0, 0
ばね特性4~24,ELEMENT,SPG,0, 0.5, NO,0, 0.5, NO,0.5, 0.5, 0,0,
YES,100000,0,NO
YES,2.10526315789474,0,NO
YES,2.10526315789474,0,NO
NO, 0, 0, NO
NO, 0, 0, NO
NO, 0, 0, NO
0, 0, 0, 0, 0, 0, 0, 0, 0, 0, 0, 0, 0, 0, 0, 0, 0, 0, 0, 0, 0, 0, 0, 0, 0, 0, 0, 0, 0, 0, 0
ばね特性5~35,ELEMENT,SPG,0, 0.5, NO,0, 0.5, NO,0.5, 0.5, 0,0,
YES,100000,0,NO
YES,4.21052631578947,0,NO
YES,4.21052631578947,0,NO
NO, 0, 0, NO
NO, 0, 0, NO
NO, 0, 0, NO
0, 0, 0, 0, 0, 0, 0, 0, 0, 0, 0, 0, 0, 0, 0, 0, 0, 0, 0, 0, 0, 0, 0, 0, 0, 0, 0, 0, 0, 0, 0
ばね特性3~14,ELEMENT,SPG,0, 0.5, NO,0, 0.5, NO,0.5, 0.5, 0,0,
YES,100000,0,NO
YES,1.57894736842105,0,NO
YES,1.57894736842105,0,NO
NO, 0, 0, NO
NO, 0, 0, NO
NO, 0, 0, NO
0, 0, 0, 0, 0, 0, 0, 0, 0, 0, 0, 0, 0, 0, 0, 0, 0, 0, 0, 0, 0, 0, 0, 0, 0, 0, 0, 0, 0, 0, 0
ばね特性5~36,ELEMENT,SPG,0, 0.5, NO,0, 0.5, NO,0.5, 0.5, 0,0,
YES,100000,0,NO
YES,4.21052631578947,0,NO
YES,4.21052631578947,0,NO
NO, 0, 0, NO
NO, 0, 0, NO
NO, 0, 0, NO
0, 0, 0, 0, 0, 0, 0, 0, 0, 0, 0, 0, 0, 0, 0, 0, 0, 0, 0, 0, 0, 0, 0, 0, 0, 0, 0, 0, 0, 0, 0
ばね特性4~25,ELEMENT,SPG,0, 0.5, NO,0, 0.5, NO,0.5, 0.5, 0,0,
YES,100000,0,NO
YES,2.10526315789474,0,NO
YES,2.10526315789474,0,NO
NO, 0, 0, NO
NO, 0, 0, NO
NO, 0, 0, NO
0, 0, 0, 0, 0, 0, 0, 0, 0, 0, 0, 0, 0, 0, 0, 0, 0, 0, 0, 0, 0, 0, 0, 0, 0, 0, 0, 0, 0, 0, 0
ばね特性2~20,ELEMENT,SPG,0, 0.5, NO,0, 0.5, NO,0.5, 0.5, 0,0,
YES,100000,0,NO
YES,0.789473684210527,0,NO
YES,0.789473684210527,0,NO
NO, 0, 0, NO
NO, 0, 0, NO
NO, 0, 0, NO
0, 0, 0, 0, 0, 0, 0, 0, 0, 0, 0, 0, 0, 0, 0, 0, 0, 0, 0, 0, 0, 0, 0, 0, 0, 0, 0, 0, 0, 0, 0
ばね特性5~37,ELEMENT,SPG,0, 0.5, NO,0, 0.5, NO,0.5, 0.5, 0,0,
YES,100000,0,NO
YES,4.21052631578947,0,NO
YES,4.21052631578947,0,NO
NO, 0, 0, NO
NO, 0, 0, NO
NO, 0, 0, NO
0, 0, 0, 0, 0, 0, 0, 0, 0, 0, 0, 0, 0, 0, 0, 0, 0, 0, 0, 0, 0, 0, 0, 0, 0, 0, 0, 0, 0, 0, 0
ばね特性5~38,ELEMENT,SPG,0, 0.5, NO,0, 0.5, NO,0.5, 0.5, 0,0,
YES,100000,0,NO
YES,4.21052631578947,0,NO
YES,4.21052631578947,0,NO
NO, 0, 0, NO
NO, 0, 0, NO
NO, 0, 0, NO
0, 0, 0, 0, 0, 0, 0, 0, 0, 0, 0, 0, 0, 0, 0, 0, 0, 0, 0, 0, 0, 0, 0, 0, 0, 0, 0, 0, 0, 0, 0
ばね特性3~15,ELEMENT,SPG,0, 0.5, NO,0, 0.5, NO,0.5, 0.5, 0,0,
YES,100000,0,NO
YES,1.57894736842105,0,NO
YES,1.57894736842105,0,NO
NO, 0, 0, NO
NO, 0, 0, NO
NO, 0, 0, NO
0, 0, 0, 0, 0, 0, 0, 0, 0, 0, 0, 0, 0, 0, 0, 0, 0, 0, 0, 0, 0, 0, 0, 0, 0, 0, 0, 0, 0, 0, 0
ばね特性5~39,ELEMENT,SPG,0, 0.5, NO,0, 0.5, NO,0.5, 0.5, 0,0,
YES,100000,0,NO
YES,4.21052631578947,0,NO
YES,4.21052631578947,0,NO
NO, 0, 0, NO
NO, 0, 0, NO
NO, 0, 0, NO
0, 0, 0, 0, 0, 0, 0, 0, 0, 0, 0, 0, 0, 0, 0, 0, 0, 0, 0, 0, 0, 0, 0, 0, 0, 0, 0, 0, 0, 0, 0
ばね特性2~21,ELEMENT,SPG,0, 0.5, NO,0, 0.5, NO,0.5, 0.5, 0,0,
YES,100000,0,NO
YES,0.789473684210527,0,NO
YES,0.789473684210527,0,NO
NO, 0, 0, NO
NO, 0, 0, NO
NO, 0, 0, NO
0, 0, 0, 0, 0, 0, 0, 0, 0, 0, 0, 0, 0, 0, 0, 0, 0, 0, 0, 0, 0, 0, 0, 0, 0, 0, 0, 0, 0, 0, 0
ばね特性4~26,ELEMENT,SPG,0, 0.5, NO,0, 0.5, NO,0.5, 0.5, 0,0,
YES,100000,0,NO
YES,2.10526315789474,0,NO
YES,2.10526315789474,0,NO
NO, 0, 0, NO
NO, 0, 0, NO
NO, 0, 0, NO
0, 0, 0, 0, 0, 0, 0, 0, 0, 0, 0, 0, 0, 0, 0, 0, 0, 0, 0, 0, 0, 0, 0, 0, 0, 0, 0, 0, 0, 0, 0
ばね特性5~40,ELEMENT,SPG,0, 0.5, NO,0, 0.5, NO,0.5, 0.5, 0,0,
YES,100000,0,NO
YES,4.21052631578947,0,NO
YES,4.21052631578947,0,NO
NO, 0, 0, NO
NO, 0, 0, NO
NO, 0, 0, NO
0, 0, 0, 0, 0, 0, 0, 0, 0, 0, 0, 0, 0, 0, 0, 0, 0, 0, 0, 0, 0, 0, 0, 0, 0, 0, 0, 0, 0, 0, 0
ばね特性3~16,ELEMENT,SPG,0, 0.5, NO,0, 0.5, NO,0.5, 0.5, 0,0,
YES,100000,0,NO
YES,1.57894736842105,0,NO
YES,1.57894736842105,0,NO
NO, 0, 0, NO
NO, 0, 0, NO
NO, 0, 0, NO
0, 0, 0, 0, 0, 0, 0, 0, 0, 0, 0, 0, 0, 0, 0, 0, 0, 0, 0, 0, 0, 0, 0, 0, 0, 0, 0, 0, 0, 0, 0
ばね特性5~41,ELEMENT,SPG,0, 0.5, NO,0, 0.5, NO,0.5, 0.5, 0,0,
YES,100000,0,NO
YES,4.21052631578947,0,NO
YES,4.21052631578947,0,NO
NO, 0, 0, NO
NO, 0, 0, NO
NO, 0, 0, NO
0, 0, 0, 0, 0, 0, 0, 0, 0, 0, 0, 0, 0, 0, 0, 0, 0, 0, 0, 0, 0, 0, 0, 0, 0, 0, 0, 0, 0, 0, 0
ばね特性4~27,ELEMENT,SPG,0, 0.5, NO,0, 0.5, NO,0.5, 0.5, 0,0,
YES,100000,0,NO
YES,2.10526315789474,0,NO
YES,2.10526315789474,0,NO
NO, 0, 0, NO
NO, 0, 0, NO
NO, 0, 0, NO
0, 0, 0, 0, 0, 0, 0, 0, 0, 0, 0, 0, 0, 0, 0, 0, 0, 0, 0, 0, 0, 0, 0, 0, 0, 0, 0, 0, 0, 0, 0
ばね特性2~22,ELEMENT,SPG,0, 0.5, NO,0, 0.5, NO,0.5, 0.5, 0,0,
YES,100000,0,NO
YES,0.789473684210527,0,NO
YES,0.789473684210527,0,NO
NO, 0, 0, NO
NO, 0, 0, NO
NO, 0, 0, NO
0, 0, 0, 0, 0, 0, 0, 0, 0, 0, 0, 0, 0, 0, 0, 0, 0, 0, 0, 0, 0, 0, 0, 0, 0, 0, 0, 0, 0, 0, 0
ばね特性5~42,ELEMENT,SPG,0, 0.5, NO,0, 0.5, NO,0.5, 0.5, 0,0,
YES,100000,0,NO
YES,4.21052631578947,0,NO
YES,4.21052631578947,0,NO
NO, 0, 0, NO
NO, 0, 0, NO
NO, 0, 0, NO
0, 0, 0, 0, 0, 0, 0, 0, 0, 0, 0, 0, 0, 0, 0, 0, 0, 0, 0, 0, 0, 0, 0, 0, 0, 0, 0, 0, 0, 0, 0
ばね特性5~43,ELEMENT,SPG,0, 0.5, NO,0, 0.5, NO,0.5, 0.5, 0,0,
YES,100000,0,NO
YES,4.21052631578947,0,NO
YES,4.21052631578947,0,NO
NO, 0, 0, NO
NO, 0, 0, NO
NO, 0, 0, NO
0, 0, 0, 0, 0, 0, 0, 0, 0, 0, 0, 0, 0, 0, 0, 0, 0, 0, 0, 0, 0, 0, 0, 0, 0, 0, 0, 0, 0, 0, 0
ばね特性2~23,ELEMENT,SPG,0, 0.5, NO,0, 0.5, NO,0.5, 0.5, 0,0,
YES,100000,0,NO
YES,0.789473684210527,0,NO
YES,0.789473684210527,0,NO
NO, 0, 0, NO
NO, 0, 0, NO
NO, 0, 0, NO
0, 0, 0, 0, 0, 0, 0, 0, 0, 0, 0, 0, 0, 0, 0, 0, 0, 0, 0, 0, 0, 0, 0, 0, 0, 0, 0, 0, 0, 0, 0
ばね特性4~28,ELEMENT,SPG,0, 0.5, NO,0, 0.5, NO,0.5, 0.5, 0,0,
YES,100000,0,NO
YES,2.10526315789474,0,NO
YES,2.10526315789474,0,NO
NO, 0, 0, NO
NO, 0, 0, NO
NO, 0, 0, NO
0, 0, 0, 0, 0, 0, 0, 0, 0, 0, 0, 0, 0, 0, 0, 0, 0, 0, 0, 0, 0, 0, 0, 0, 0, 0, 0, 0, 0, 0, 0
ばね特性1~7,ELEMENT,SPG,0, 0.5, NO,0, 0.5, NO,0.5, 0.5, 0,0,
YES,100000,0,NO
YES,0.394736842105263,0,NO
YES,0.394736842105263,0,NO
NO, 0, 0, NO
NO, 0, 0, NO
NO, 0, 0, NO
0, 0, 0, 0, 0, 0, 0, 0, 0, 0, 0, 0, 0, 0, 0, 0, 0, 0, 0, 0, 0, 0, 0, 0, 0, 0, 0, 0, 0, 0, 0
ばね特性4~29,ELEMENT,SPG,0, 0.5, NO,0, 0.5, NO,0.5, 0.5, 0,0,
YES,100000,0,NO
YES,2.10526315789474,0,NO
YES,2.10526315789474,0,NO
NO, 0, 0, NO
NO, 0, 0, NO
NO, 0, 0, NO
0, 0, 0, 0, 0, 0, 0, 0, 0, 0, 0, 0, 0, 0, 0, 0, 0, 0, 0, 0, 0, 0, 0, 0, 0, 0, 0, 0, 0, 0, 0
ばね特性5~44,ELEMENT,SPG,0, 0.5, NO,0, 0.5, NO,0.5, 0.5, 0,0,
YES,100000,0,NO
YES,4.21052631578947,0,NO
YES,4.21052631578947,0,NO
NO, 0, 0, NO
NO, 0, 0, NO
NO, 0, 0, NO
0, 0, 0, 0, 0, 0, 0, 0, 0, 0, 0, 0, 0, 0, 0, 0, 0, 0, 0, 0, 0, 0, 0, 0, 0, 0, 0, 0, 0, 0, 0
ばね特性2~24,ELEMENT,SPG,0, 0.5, NO,0, 0.5, NO,0.5, 0.5, 0,0,
YES,100000,0,NO
YES,0.789473684210527,0,NO
YES,0.789473684210527,0,NO
NO, 0, 0, NO
NO, 0, 0, NO
NO, 0, 0, NO
0, 0, 0, 0, 0, 0, 0, 0, 0, 0, 0, 0, 0, 0, 0, 0, 0, 0, 0, 0, 0, 0, 0, 0, 0, 0, 0, 0, 0, 0, 0
ばね特性4~30,ELEMENT,SPG,0, 0.5, NO,0, 0.5, NO,0.5, 0.5, 0,0,
YES,100000,0,NO
YES,2.10526315789474,0,NO
YES,2.10526315789474,0,NO
NO, 0, 0, NO
NO, 0, 0, NO
NO, 0, 0, NO
0, 0, 0, 0, 0, 0, 0, 0, 0, 0, 0, 0, 0, 0, 0, 0, 0, 0, 0, 0, 0, 0, 0, 0, 0, 0, 0, 0, 0, 0, 0
ばね特性4~31,ELEMENT,SPG,0, 0.5, NO,0, 0.5, NO,0.5, 0.5, 0,0,
YES,100000,0,NO
YES,2.10526315789474,0,NO
YES,2.10526315789474,0,NO
NO, 0, 0, NO
NO, 0, 0, NO
NO, 0, 0, NO
0, 0, 0, 0, 0, 0, 0, 0, 0, 0, 0, 0, 0, 0, 0, 0, 0, 0, 0, 0, 0, 0, 0, 0, 0, 0, 0, 0, 0, 0, 0
ばね特性1~8,ELEMENT,SPG,0, 0.5, NO,0, 0.5, NO,0.5, 0.5, 0,0,
YES,100000,0,NO
YES,0.394736842105263,0,NO
YES,0.394736842105263,0,NO
NO, 0, 0, NO
NO, 0, 0, NO
NO, 0, 0, NO
0, 0, 0, 0, 0, 0, 0, 0, 0, 0, 0, 0, 0, 0, 0, 0, 0, 0, 0, 0, 0, 0, 0, 0, 0, 0, 0, 0, 0, 0, 0
ばね特性4~32,ELEMENT,SPG,0, 0.5, NO,0, 0.5, NO,0.5, 0.5, 0,0,
YES,100000,0,NO
YES,2.10526315789474,0,NO
YES,2.10526315789474,0,NO
NO, 0, 0, NO
NO, 0, 0, NO
NO, 0, 0, NO
0, 0, 0, 0, 0, 0, 0, 0, 0, 0, 0, 0, 0, 0, 0, 0, 0, 0, 0, 0, 0, 0, 0, 0, 0, 0, 0, 0, 0, 0, 0
ばね特性1~9,ELEMENT,SPG,0, 0.5, NO,0, 0.5, NO,0.5, 0.5, 0,0,
YES,100000,0,NO
YES,0.394736842105263,0,NO
YES,0.394736842105263,0,NO
NO, 0, 0, NO
NO, 0, 0, NO
NO, 0, 0, NO
0, 0, 0, 0, 0, 0, 0, 0, 0, 0, 0, 0, 0, 0, 0, 0, 0, 0, 0, 0, 0, 0, 0, 0, 0, 0, 0, 0, 0, 0, 0
ばね特性4~33,ELEMENT,SPG,0, 0.5, NO,0, 0.5, NO,0.5, 0.5, 0,0,
YES,100000,0,NO
YES,2.10526315789474,0,NO
YES,2.10526315789474,0,NO
NO, 0, 0, NO
NO, 0, 0, NO
NO, 0, 0, NO
0, 0, 0, 0, 0, 0, 0, 0, 0, 0, 0, 0, 0, 0, 0, 0, 0, 0, 0, 0, 0, 0, 0, 0, 0, 0, 0, 0, 0, 0, 0
ばね特性2~25,ELEMENT,SPG,0, 0.5, NO,0, 0.5, NO,0.5, 0.5, 0,0,
YES,100000,0,NO
YES,0.789473684210527,0,NO
YES,0.789473684210527,0,NO
NO, 0, 0, NO
NO, 0, 0, NO
NO, 0, 0, NO
0, 0, 0, 0, 0, 0, 0, 0, 0, 0, 0, 0, 0, 0, 0, 0, 0, 0, 0, 0, 0, 0, 0, 0, 0, 0, 0, 0, 0, 0, 0
ばね特性5~45,ELEMENT,SPG,0, 0.5, NO,0, 0.5, NO,0.5, 0.5, 0,0,
YES,100000,0,NO
YES,4.21052631578947,0,NO
YES,4.21052631578947,0,NO
NO, 0, 0, NO
NO, 0, 0, NO
NO, 0, 0, NO
0, 0, 0, 0, 0, 0, 0, 0, 0, 0, 0, 0, 0, 0, 0, 0, 0, 0, 0, 0, 0, 0, 0, 0, 0, 0, 0, 0, 0, 0, 0
ばね特性3~17,ELEMENT,SPG,0, 0.5, NO,0, 0.5, NO,0.5, 0.5, 0,0,
YES,100000,0,NO
YES,1.57894736842105,0,NO
YES,1.57894736842105,0,NO
NO, 0, 0, NO
NO, 0, 0, NO
NO, 0, 0, NO
0, 0, 0, 0, 0, 0, 0, 0, 0, 0, 0, 0, 0, 0, 0, 0, 0, 0, 0, 0, 0, 0, 0, 0, 0, 0, 0, 0, 0, 0, 0
ばね特性5~46,ELEMENT,SPG,0, 0.5, NO,0, 0.5, NO,0.5, 0.5, 0,0,
YES,100000,0,NO
YES,4.21052631578947,0,NO
YES,4.21052631578947,0,NO
NO, 0, 0, NO
NO, 0, 0, NO
NO, 0, 0, NO
0, 0, 0, 0, 0, 0, 0, 0, 0, 0, 0, 0, 0, 0, 0, 0, 0, 0, 0, 0, 0, 0, 0, 0, 0, 0, 0, 0, 0, 0, 0
ばね特性2~26,ELEMENT,SPG,0, 0.5, NO,0, 0.5, NO,0.5, 0.5, 0,0,
YES,100000,0,NO
YES,0.789473684210527,0,NO
YES,0.789473684210527,0,NO
NO, 0, 0, NO
NO, 0, 0, NO
NO, 0, 0, NO
0, 0, 0, 0, 0, 0, 0, 0, 0, 0, 0, 0, 0, 0, 0, 0, 0, 0, 0, 0, 0, 0, 0, 0, 0, 0, 0, 0, 0, 0, 0
ばね特性4~34,ELEMENT,SPG,0, 0.5, NO,0, 0.5, NO,0.5, 0.5, 0,0,
YES,100000,0,NO
YES,2.10526315789474,0,NO
YES,2.10526315789474,0,NO
NO, 0, 0, NO
NO, 0, 0, NO
NO, 0, 0, NO
0, 0, 0, 0, 0, 0, 0, 0, 0, 0, 0, 0, 0, 0, 0, 0, 0, 0, 0, 0, 0, 0, 0, 0, 0, 0, 0, 0, 0, 0, 0
ばね特性5~47,ELEMENT,SPG,0, 0.5, NO,0, 0.5, NO,0.5, 0.5, 0,0,
YES,100000,0,NO
YES,4.21052631578947,0,NO
YES,4.21052631578947,0,NO
NO, 0, 0, NO
NO, 0, 0, NO
NO, 0, 0, NO
0, 0, 0, 0, 0, 0, 0, 0, 0, 0, 0, 0, 0, 0, 0, 0, 0, 0, 0, 0, 0, 0, 0, 0, 0, 0, 0, 0, 0, 0, 0
ばね特性3~18,ELEMENT,SPG,0, 0.5, NO,0, 0.5, NO,0.5, 0.5, 0,0,
YES,100000,0,NO
YES,1.57894736842105,0,NO
YES,1.57894736842105,0,NO
NO, 0, 0, NO
NO, 0, 0, NO
NO, 0, 0, NO
0, 0, 0, 0, 0, 0, 0, 0, 0, 0, 0, 0, 0, 0, 0, 0, 0, 0, 0, 0, 0, 0, 0, 0, 0, 0, 0, 0, 0, 0, 0
ばね特性5~48,ELEMENT,SPG,0, 0.5, NO,0, 0.5, NO,0.5, 0.5, 0,0,
YES,100000,0,NO
YES,4.21052631578947,0,NO
YES,4.21052631578947,0,NO
NO, 0, 0, NO
NO, 0, 0, NO
NO, 0, 0, NO
0, 0, 0, 0, 0, 0, 0, 0, 0, 0, 0, 0, 0, 0, 0, 0, 0, 0, 0, 0, 0, 0, 0, 0, 0, 0, 0, 0, 0, 0, 0
ばね特性2~27,ELEMENT,SPG,0, 0.5, NO,0, 0.5, NO,0.5, 0.5, 0,0,
YES,100000,0,NO
YES,0.789473684210527,0,NO
YES,0.789473684210527,0,NO
NO, 0, 0, NO
NO, 0, 0, NO
NO, 0, 0, NO
0, 0, 0, 0, 0, 0, 0, 0, 0, 0, 0, 0, 0, 0, 0, 0, 0, 0, 0, 0, 0, 0, 0, 0, 0, 0, 0, 0, 0, 0, 0
ばね特性4~35,ELEMENT,SPG,0, 0.5, NO,0, 0.5, NO,0.5, 0.5, 0,0,
YES,100000,0,NO
YES,2.10526315789474,0,NO
YES,2.10526315789474,0,NO
NO, 0, 0, NO
NO, 0, 0, NO
NO, 0, 0, NO
0, 0, 0, 0, 0, 0, 0, 0, 0, 0, 0, 0, 0, 0, 0, 0, 0, 0, 0, 0, 0, 0, 0, 0, 0, 0, 0, 0, 0, 0, 0
ばね特性5~49,ELEMENT,SPG,0, 0.5, NO,0, 0.5, NO,0.5, 0.5, 0,0,
YES,100000,0,NO
YES,4.21052631578947,0,NO
YES,4.21052631578947,0,NO
NO, 0, 0, NO
NO, 0, 0, NO
NO, 0, 0, NO
0, 0, 0, 0, 0, 0, 0, 0, 0, 0, 0, 0, 0, 0, 0, 0, 0, 0, 0, 0, 0, 0, 0, 0, 0, 0, 0, 0, 0, 0, 0
ばね特性3~19,ELEMENT,SPG,0, 0.5, NO,0, 0.5, NO,0.5, 0.5, 0,0,
YES,100000,0,NO
YES,1.57894736842105,0,NO
YES,1.57894736842105,0,NO
NO, 0, 0, NO
NO, 0, 0, NO
NO, 0, 0, NO
0, 0, 0, 0, 0, 0, 0, 0, 0, 0, 0, 0, 0, 0, 0, 0, 0, 0, 0, 0, 0, 0, 0, 0, 0, 0, 0, 0, 0, 0, 0
ばね特性5~50,ELEMENT,SPG,0, 0.5, NO,0, 0.5, NO,0.5, 0.5, 0,0,
YES,100000,0,NO
YES,4.21052631578947,0,NO
YES,4.21052631578947,0,NO
NO, 0, 0, NO
NO, 0, 0, NO
NO, 0, 0, NO
0, 0, 0, 0, 0, 0, 0, 0, 0, 0, 0, 0, 0, 0, 0, 0, 0, 0, 0, 0, 0, 0, 0, 0, 0, 0, 0, 0, 0, 0, 0
ばね特性2~28,ELEMENT,SPG,0, 0.5, NO,0, 0.5, NO,0.5, 0.5, 0,0,
YES,100000,0,NO
YES,0.789473684210527,0,NO
YES,0.789473684210527,0,NO
NO, 0, 0, NO
NO, 0, 0, NO
NO, 0, 0, NO
0, 0, 0, 0, 0, 0, 0, 0, 0, 0, 0, 0, 0, 0, 0, 0, 0, 0, 0, 0, 0, 0, 0, 0, 0, 0, 0, 0, 0, 0, 0
ばね特性4~36,ELEMENT,SPG,0, 0.5, NO,0, 0.5, NO,0.5, 0.5, 0,0,
YES,100000,0,NO
YES,2.10526315789474,0,NO
YES,2.10526315789474,0,NO
NO, 0, 0, NO
NO, 0, 0, NO
NO, 0, 0, NO
0, 0, 0, 0, 0, 0, 0, 0, 0, 0, 0, 0, 0, 0, 0, 0, 0, 0, 0, 0, 0, 0, 0, 0, 0, 0, 0, 0, 0, 0, 0
ばね特性5~51,ELEMENT,SPG,0, 0.5, NO,0, 0.5, NO,0.5, 0.5, 0,0,
YES,100000,0,NO
YES,4.21052631578947,0,NO
YES,4.21052631578947,0,NO
NO, 0, 0, NO
NO, 0, 0, NO
NO, 0, 0, NO
0, 0, 0, 0, 0, 0, 0, 0, 0, 0, 0, 0, 0, 0, 0, 0, 0, 0, 0, 0, 0, 0, 0, 0, 0, 0, 0, 0, 0, 0, 0
ばね特性2~29,ELEMENT,SPG,0, 0.5, NO,0, 0.5, NO,0.5, 0.5, 0,0,
YES,100000,0,NO
YES,0.789473684210527,0,NO
YES,0.789473684210527,0,NO
NO, 0, 0, NO
NO, 0, 0, NO
NO, 0, 0, NO
0, 0, 0, 0, 0, 0, 0, 0, 0, 0, 0, 0, 0, 0, 0, 0, 0, 0, 0, 0, 0, 0, 0, 0, 0, 0, 0, 0, 0, 0, 0
ばね特性4~37,ELEMENT,SPG,0, 0.5, NO,0, 0.5, NO,0.5, 0.5, 0,0,
YES,100000,0,NO
YES,2.10526315789474,0,NO
YES,2.10526315789474,0,NO
NO, 0, 0, NO
NO, 0, 0, NO
NO, 0, 0, NO
0, 0, 0, 0, 0, 0, 0, 0, 0, 0, 0, 0, 0, 0, 0, 0, 0, 0, 0, 0, 0, 0, 0, 0, 0, 0, 0, 0, 0, 0, 0
ばね特性1~10,ELEMENT,SPG,0, 0.5, NO,0, 0.5, NO,0.5, 0.5, 0,0,
YES,100000,0,NO
YES,0.394736842105263,0,NO
YES,0.394736842105263,0,NO
NO, 0, 0, NO
NO, 0, 0, NO
NO, 0, 0, NO
0, 0, 0, 0, 0, 0, 0, 0, 0, 0, 0, 0, 0, 0, 0, 0, 0, 0, 0, 0, 0, 0, 0, 0, 0, 0, 0, 0, 0, 0, 0
ばね特性4~38,ELEMENT,SPG,0, 0.5, NO,0, 0.5, NO,0.5, 0.5, 0,0,
YES,100000,0,NO
YES,2.10526315789474,0,NO
YES,2.10526315789474,0,NO
NO, 0, 0, NO
NO, 0, 0, NO
NO, 0, 0, NO
0, 0, 0, 0, 0, 0, 0, 0, 0, 0, 0, 0, 0, 0, 0, 0, 0, 0, 0, 0, 0, 0, 0, 0, 0, 0, 0, 0, 0, 0, 0
ばね特性4~39,ELEMENT,SPG,0, 0.5, NO,0, 0.5, NO,0.5, 0.5, 0,0,
YES,100000,0,NO
YES,2.10526315789474,0,NO
YES,2.10526315789474,0,NO
NO, 0, 0, NO
NO, 0, 0, NO
NO, 0, 0, NO
0, 0, 0, 0, 0, 0, 0, 0, 0, 0, 0, 0, 0, 0, 0, 0, 0, 0, 0, 0, 0, 0, 0, 0, 0, 0, 0, 0, 0, 0, 0
ばね特性2~30,ELEMENT,SPG,0, 0.5, NO,0, 0.5, NO,0.5, 0.5, 0,0,
YES,100000,0,NO
YES,0.789473684210527,0,NO
YES,0.789473684210527,0,NO
NO, 0, 0, NO
NO, 0, 0, NO
NO, 0, 0, NO
0, 0, 0, 0, 0, 0, 0, 0, 0, 0, 0, 0, 0, 0, 0, 0, 0, 0, 0, 0, 0, 0, 0, 0, 0, 0, 0, 0, 0, 0, 0
ばね特性5~52,ELEMENT,SPG,0, 0.5, NO,0, 0.5, NO,0.5, 0.5, 0,0,
YES,100000,0,NO
YES,4.21052631578947,0,NO
YES,4.21052631578947,0,NO
NO, 0, 0, NO
NO, 0, 0, NO
NO, 0, 0, NO
0, 0, 0, 0, 0, 0, 0, 0, 0, 0, 0, 0, 0, 0, 0, 0, 0, 0, 0, 0, 0, 0, 0, 0, 0, 0, 0, 0, 0, 0, 0
ばね特性3~20,ELEMENT,SPG,0, 0.5, NO,0, 0.5, NO,0.5, 0.5, 0,0,
YES,100000,0,NO
YES,1.57894736842105,0,NO
YES,1.57894736842105,0,NO
NO, 0, 0, NO
NO, 0, 0, NO
NO, 0, 0, NO
0, 0, 0, 0, 0, 0, 0, 0, 0, 0, 0, 0, 0, 0, 0, 0, 0, 0, 0, 0, 0, 0, 0, 0, 0, 0, 0, 0, 0, 0, 0
ばね特性5~53,ELEMENT,SPG,0, 0.5, NO,0, 0.5, NO,0.5, 0.5, 0,0,
YES,100000,0,NO
YES,4.21052631578947,0,NO
YES,4.21052631578947,0,NO
NO, 0, 0, NO
NO, 0, 0, NO
NO, 0, 0, NO
0, 0, 0, 0, 0, 0, 0, 0, 0, 0, 0, 0, 0, 0, 0, 0, 0, 0, 0, 0, 0, 0, 0, 0, 0, 0, 0, 0, 0, 0, 0
ばね特性5~54,ELEMENT,SPG,0, 0.5, NO,0, 0.5, NO,0.5, 0.5, 0,0,
YES,100000,0,NO
YES,4.21052631578947,0,NO
YES,4.21052631578947,0,NO
NO, 0, 0, NO
NO, 0, 0, NO
NO, 0, 0, NO
0, 0, 0, 0, 0, 0, 0, 0, 0, 0, 0, 0, 0, 0, 0, 0, 0, 0, 0, 0, 0, 0, 0, 0, 0, 0, 0, 0, 0, 0, 0
ばね特性3~21,ELEMENT,SPG,0, 0.5, NO,0, 0.5, NO,0.5, 0.5, 0,0,
YES,100000,0,NO
YES,1.57894736842105,0,NO
YES,1.57894736842105,0,NO
NO, 0, 0, NO
NO, 0, 0, NO
NO, 0, 0, NO
0, 0, 0, 0, 0, 0, 0, 0, 0, 0, 0, 0, 0, 0, 0, 0, 0, 0, 0, 0, 0, 0, 0, 0, 0, 0, 0, 0, 0, 0, 0
ばね特性5~55,ELEMENT,SPG,0, 0.5, NO,0, 0.5, NO,0.5, 0.5, 0,0,
YES,100000,0,NO
YES,4.21052631578947,0,NO
YES,4.21052631578947,0,NO
NO, 0, 0, NO
NO, 0, 0, NO
NO, 0, 0, NO
0, 0, 0, 0, 0, 0, 0, 0, 0, 0, 0, 0, 0, 0, 0, 0, 0, 0, 0, 0, 0, 0, 0, 0, 0, 0, 0, 0, 0, 0, 0
ばね特性5~56,ELEMENT,SPG,0, 0.5, NO,0, 0.5, NO,0.5, 0.5, 0,0,
YES,100000,0,NO
YES,4.21052631578947,0,NO
YES,4.21052631578947,0,NO
NO, 0, 0, NO
NO, 0, 0, NO
NO, 0, 0, NO
0, 0, 0, 0, 0, 0, 0, 0, 0, 0, 0, 0, 0, 0, 0, 0, 0, 0, 0, 0, 0, 0, 0, 0, 0, 0, 0, 0, 0, 0, 0
ばね特性3~22,ELEMENT,SPG,0, 0.5, NO,0, 0.5, NO,0.5, 0.5, 0,0,
YES,100000,0,NO
YES,1.57894736842105,0,NO
YES,1.57894736842105,0,NO
NO, 0, 0, NO
NO, 0, 0, NO
NO, 0, 0, NO
0, 0, 0, 0, 0, 0, 0, 0, 0, 0, 0, 0, 0, 0, 0, 0, 0, 0, 0, 0, 0, 0, 0, 0, 0, 0, 0, 0, 0, 0, 0
ばね特性5~57,ELEMENT,SPG,0, 0.5, NO,0, 0.5, NO,0.5, 0.5, 0,0,
YES,100000,0,NO
YES,4.21052631578947,0,NO
YES,4.21052631578947,0,NO
NO, 0, 0, NO
NO, 0, 0, NO
NO, 0, 0, NO
0, 0, 0, 0, 0, 0, 0, 0, 0, 0, 0, 0, 0, 0, 0, 0, 0, 0, 0, 0, 0, 0, 0, 0, 0, 0, 0, 0, 0, 0, 0
ばね特性5~58,ELEMENT,SPG,0, 0.5, NO,0, 0.5, NO,0.5, 0.5, 0,0,
YES,100000,0,NO
YES,4.21052631578947,0,NO
YES,4.21052631578947,0,NO
NO, 0, 0, NO
NO, 0, 0, NO
NO, 0, 0, NO
0, 0, 0, 0, 0, 0, 0, 0, 0, 0, 0, 0, 0, 0, 0, 0, 0, 0, 0, 0, 0, 0, 0, 0, 0, 0, 0, 0, 0, 0, 0
ばね特性2~31,ELEMENT,SPG,0, 0.5, NO,0, 0.5, NO,0.5, 0.5, 0,0,
YES,100000,0,NO
YES,0.789473684210527,0,NO
YES,0.789473684210527,0,NO
NO, 0, 0, NO
NO, 0, 0, NO
NO, 0, 0, NO
0, 0, 0, 0, 0, 0, 0, 0, 0, 0, 0, 0, 0, 0, 0, 0, 0, 0, 0, 0, 0, 0, 0, 0, 0, 0, 0, 0, 0, 0, 0
ばね特性4~40,ELEMENT,SPG,0, 0.5, NO,0, 0.5, NO,0.5, 0.5, 0,0,
YES,100000,0,NO
YES,2.10526315789474,0,NO
YES,2.10526315789474,0,NO
NO, 0, 0, NO
NO, 0, 0, NO
NO, 0, 0, NO
0, 0, 0, 0, 0, 0, 0, 0, 0, 0, 0, 0, 0, 0, 0, 0, 0, 0, 0, 0, 0, 0, 0, 0, 0, 0, 0, 0, 0, 0, 0
ばね特性4~41,ELEMENT,SPG,0, 0.5, NO,0, 0.5, NO,0.5, 0.5, 0,0,
YES,100000,0,NO
YES,2.10526315789474,0,NO
YES,2.10526315789474,0,NO
NO, 0, 0, NO
NO, 0, 0, NO
NO, 0, 0, NO
0, 0, 0, 0, 0, 0, 0, 0, 0, 0, 0, 0, 0, 0, 0, 0, 0, 0, 0, 0, 0, 0, 0, 0, 0, 0, 0, 0, 0, 0, 0
ばね特性1~11,ELEMENT,SPG,0, 0.5, NO,0, 0.5, NO,0.5, 0.5, 0,0,
YES,100000,0,NO
YES,0.394736842105263,0,NO
YES,0.394736842105263,0,NO
NO, 0, 0, NO
NO, 0, 0, NO
NO, 0, 0, NO
0, 0, 0, 0, 0, 0, 0, 0, 0, 0, 0, 0, 0, 0, 0, 0, 0, 0, 0, 0, 0, 0, 0, 0, 0, 0, 0, 0, 0, 0, 0
ばね特性4~42,ELEMENT,SPG,0, 0.5, NO,0, 0.5, NO,0.5, 0.5, 0,0,
YES,100000,0,NO
YES,2.10526315789474,0,NO
YES,2.10526315789474,0,NO
NO, 0, 0, NO
NO, 0, 0, NO
NO, 0, 0, NO
0, 0, 0, 0, 0, 0, 0, 0, 0, 0, 0, 0, 0, 0, 0, 0, 0, 0, 0, 0, 0, 0, 0, 0, 0, 0, 0, 0, 0, 0, 0
ばね特性2~32,ELEMENT,SPG,0, 0.5, NO,0, 0.5, NO,0.5, 0.5, 0,0,
YES,100000,0,NO
YES,0.789473684210527,0,NO
YES,0.789473684210527,0,NO
NO, 0, 0, NO
NO, 0, 0, NO
NO, 0, 0, NO
0, 0, 0, 0, 0, 0, 0, 0, 0, 0, 0, 0, 0, 0, 0, 0, 0, 0, 0, 0, 0, 0, 0, 0, 0, 0, 0, 0, 0, 0, 0
ばね特性5~59,ELEMENT,SPG,0, 0.5, NO,0, 0.5, NO,0.5, 0.5, 0,0,
YES,100000,0,NO
YES,4.21052631578947,0,NO
YES,4.21052631578947,0,NO
NO, 0, 0, NO
NO, 0, 0, NO
NO, 0, 0, NO
0, 0, 0, 0, 0, 0, 0, 0, 0, 0, 0, 0, 0, 0, 0, 0, 0, 0, 0, 0, 0, 0, 0, 0, 0, 0, 0, 0, 0, 0, 0
ばね特性4~43,ELEMENT,SPG,0, 0.5, NO,0, 0.5, NO,0.5, 0.5, 0,0,
YES,100000,0,NO
YES,2.10526315789474,0,NO
YES,2.10526315789474,0,NO
NO, 0, 0, NO
NO, 0, 0, NO
NO, 0, 0, NO
0, 0, 0, 0, 0, 0, 0, 0, 0, 0, 0, 0, 0, 0, 0, 0, 0, 0, 0, 0, 0, 0, 0, 0, 0, 0, 0, 0, 0, 0, 0
ばね特性2~33,ELEMENT,SPG,0, 0.5, NO,0, 0.5, NO,0.5, 0.5, 0,0,
YES,100000,0,NO
YES,0.789473684210527,0,NO
YES,0.789473684210527,0,NO
NO, 0, 0, NO
NO, 0, 0, NO
NO, 0, 0, NO
0, 0, 0, 0, 0, 0, 0, 0, 0, 0, 0, 0, 0, 0, 0, 0, 0, 0, 0, 0, 0, 0, 0, 0, 0, 0, 0, 0, 0, 0, 0
ばね特性5~60,ELEMENT,SPG,0, 0.5, NO,0, 0.5, NO,0.5, 0.5, 0,0,
YES,100000,0,NO
YES,4.21052631578947,0,NO
YES,4.21052631578947,0,NO
NO, 0, 0, NO
NO, 0, 0, NO
NO, 0, 0, NO
0, 0, 0, 0, 0, 0, 0, 0, 0, 0, 0, 0, 0, 0, 0, 0, 0, 0, 0, 0, 0, 0, 0, 0, 0, 0, 0, 0, 0, 0, 0
ばね特性4~44,ELEMENT,SPG,0, 0.5, NO,0, 0.5, NO,0.5, 0.5, 0,0,
YES,100000,0,NO
YES,2.10526315789474,0,NO
YES,2.10526315789474,0,NO
NO, 0, 0, NO
NO, 0, 0, NO
NO, 0, 0, NO
0, 0, 0, 0, 0, 0, 0, 0, 0, 0, 0, 0, 0, 0, 0, 0, 0, 0, 0, 0, 0, 0, 0, 0, 0, 0, 0, 0, 0, 0, 0
ばね特性2~34,ELEMENT,SPG,0, 0.5, NO,0, 0.5, NO,0.5, 0.5, 0,0,
YES,100000,0,NO
YES,0.789473684210527,0,NO
YES,0.789473684210527,0,NO
NO, 0, 0, NO
NO, 0, 0, NO
NO, 0, 0, NO
0, 0, 0, 0, 0, 0, 0, 0, 0, 0, 0, 0, 0, 0, 0, 0, 0, 0, 0, 0, 0, 0, 0, 0, 0, 0, 0, 0, 0, 0, 0
ばね特性5~61,ELEMENT,SPG,0, 0.5, NO,0, 0.5, NO,0.5, 0.5, 0,0,
YES,100000,0,NO
YES,4.21052631578947,0,NO
YES,4.21052631578947,0,NO
NO, 0, 0, NO
NO, 0, 0, NO
NO, 0, 0, NO
0, 0, 0, 0, 0, 0, 0, 0, 0, 0, 0, 0, 0, 0, 0, 0, 0, 0, 0, 0, 0, 0, 0, 0, 0, 0, 0, 0, 0, 0, 0
ばね特性4~45,ELEMENT,SPG,0, 0.5, NO,0, 0.5, NO,0.5, 0.5, 0,0,
YES,100000,0,NO
YES,2.10526315789474,0,NO
YES,2.10526315789474,0,NO
NO, 0, 0, NO
NO, 0, 0, NO
NO, 0, 0, NO
0, 0, 0, 0, 0, 0, 0, 0, 0, 0, 0, 0, 0, 0, 0, 0, 0, 0, 0, 0, 0, 0, 0, 0, 0, 0, 0, 0, 0, 0, 0
ばね特性1~12,ELEMENT,SPG,0, 0.5, NO,0, 0.5, NO,0.5, 0.5, 0,0,
YES,100000,0,NO
YES,0.394736842105263,0,NO
YES,0.394736842105263,0,NO
NO, 0, 0, NO
NO, 0, 0, NO
NO, 0, 0, NO
0, 0, 0, 0, 0, 0, 0, 0, 0, 0, 0, 0, 0, 0, 0, 0, 0, 0, 0, 0, 0, 0, 0, 0, 0, 0, 0, 0, 0, 0, 0
ばね特性4~46,ELEMENT,SPG,0, 0.5, NO,0, 0.5, NO,0.5, 0.5, 0,0,
YES,100000,0,NO
YES,2.10526315789474,0,NO
YES,2.10526315789474,0,NO
NO, 0, 0, NO
NO, 0, 0, NO
NO, 0, 0, NO
0, 0, 0, 0, 0, 0, 0, 0, 0, 0, 0, 0, 0, 0, 0, 0, 0, 0, 0, 0, 0, 0, 0, 0, 0, 0, 0, 0, 0, 0, 0
ばね特性1~13,ELEMENT,SPG,0, 0.5, NO,0, 0.5, NO,0.5, 0.5, 0,0,
YES,100000,0,NO
YES,0.394736842105263,0,NO
YES,0.394736842105263,0,NO
NO, 0, 0, NO
NO, 0, 0, NO
NO, 0, 0, NO
0, 0, 0, 0, 0, 0, 0, 0, 0, 0, 0, 0, 0, 0, 0, 0, 0, 0, 0, 0, 0, 0, 0, 0, 0, 0, 0, 0, 0, 0, 0
ばね特性4~47,ELEMENT,SPG,0, 0.5, NO,0, 0.5, NO,0.5, 0.5, 0,0,
YES,100000,0,NO
YES,2.10526315789474,0,NO
YES,2.10526315789474,0,NO
NO, 0, 0, NO
NO, 0, 0, NO
NO, 0, 0, NO
0, 0, 0, 0, 0, 0, 0, 0, 0, 0, 0, 0, 0, 0, 0, 0, 0, 0, 0, 0, 0, 0, 0, 0, 0, 0, 0, 0, 0, 0, 0
ばね特性2~35,ELEMENT,SPG,0, 0.5, NO,0, 0.5, NO,0.5, 0.5, 0,0,
YES,100000,0,NO
YES,0.789473684210527,0,NO
YES,0.789473684210527,0,NO
NO, 0, 0, NO
NO, 0, 0, NO
NO, 0, 0, NO
0, 0, 0, 0, 0, 0, 0, 0, 0, 0, 0, 0, 0, 0, 0, 0, 0, 0, 0, 0, 0, 0, 0, 0, 0, 0, 0, 0, 0, 0, 0
ばね特性5~62,ELEMENT,SPG,0, 0.5, NO,0, 0.5, NO,0.5, 0.5, 0,0,
YES,100000,0,NO
YES,4.21052631578947,0,NO
YES,4.21052631578947,0,NO
NO, 0, 0, NO
NO, 0, 0, NO
NO, 0, 0, NO
0, 0, 0, 0, 0, 0, 0, 0, 0, 0, 0, 0, 0, 0, 0, 0, 0, 0, 0, 0, 0, 0, 0, 0, 0, 0, 0, 0, 0, 0, 0
ばね特性3~23,ELEMENT,SPG,0, 0.5, NO,0, 0.5, NO,0.5, 0.5, 0,0,
YES,100000,0,NO
YES,1.57894736842105,0,NO
YES,1.57894736842105,0,NO
NO, 0, 0, NO
NO, 0, 0, NO
NO, 0, 0, NO
0, 0, 0, 0, 0, 0, 0, 0, 0, 0, 0, 0, 0, 0, 0, 0, 0, 0, 0, 0, 0, 0, 0, 0, 0, 0, 0, 0, 0, 0, 0
ばね特性5~63,ELEMENT,SPG,0, 0.5, NO,0, 0.5, NO,0.5, 0.5, 0,0,
YES,100000,0,NO
YES,4.21052631578947,0,NO
YES,4.21052631578947,0,NO
NO, 0, 0, NO
NO, 0, 0, NO
NO, 0, 0, NO
0, 0, 0, 0, 0, 0, 0, 0, 0, 0, 0, 0, 0, 0, 0, 0, 0, 0, 0, 0, 0, 0, 0, 0, 0, 0, 0, 0, 0, 0, 0
ばね特性2~36,ELEMENT,SPG,0, 0.5, NO,0, 0.5, NO,0.5, 0.5, 0,0,
YES,100000,0,NO
YES,0.789473684210527,0,NO
YES,0.789473684210527,0,NO
NO, 0, 0, NO
NO, 0, 0, NO
NO, 0, 0, NO
0, 0, 0, 0, 0, 0, 0, 0, 0, 0, 0, 0, 0, 0, 0, 0, 0, 0, 0, 0, 0, 0, 0, 0, 0, 0, 0, 0, 0, 0, 0
ばね特性4~48,ELEMENT,SPG,0, 0.5, NO,0, 0.5, NO,0.5, 0.5, 0,0,
YES,100000,0,NO
YES,2.10526315789474,0,NO
YES,2.10526315789474,0,NO
NO, 0, 0, NO
NO, 0, 0, NO
NO, 0, 0, NO
0, 0, 0, 0, 0, 0, 0, 0, 0, 0, 0, 0, 0, 0, 0, 0, 0, 0, 0, 0, 0, 0, 0, 0, 0, 0, 0, 0, 0, 0, 0
ばね特性4~49,ELEMENT,SPG,0, 0.5, NO,0, 0.5, NO,0.5, 0.5, 0,0,
YES,100000,0,NO
YES,2.10526315789474,0,NO
YES,2.10526315789474,0,NO
NO, 0, 0, NO
NO, 0, 0, NO
NO, 0, 0, NO
0, 0, 0, 0, 0, 0, 0, 0, 0, 0, 0, 0, 0, 0, 0, 0, 0, 0, 0, 0, 0, 0, 0, 0, 0, 0, 0, 0, 0, 0, 0
ばね特性2~37,ELEMENT,SPG,0, 0.5, NO,0, 0.5, NO,0.5, 0.5, 0,0,
YES,100000,0,NO
YES,0.789473684210527,0,NO
YES,0.789473684210527,0,NO
NO, 0, 0, NO
NO, 0, 0, NO
NO, 0, 0, NO
0, 0, 0, 0, 0, 0, 0, 0, 0, 0, 0, 0, 0, 0, 0, 0, 0, 0, 0, 0, 0, 0, 0, 0, 0, 0, 0, 0, 0, 0, 0
ばね特性5~64,ELEMENT,SPG,0, 0.5, NO,0, 0.5, NO,0.5, 0.5, 0,0,
YES,100000,0,NO
YES,4.21052631578947,0,NO
YES,4.21052631578947,0,NO
NO, 0, 0, NO
NO, 0, 0, NO
NO, 0, 0, NO
0, 0, 0, 0, 0, 0, 0, 0, 0, 0, 0, 0, 0, 0, 0, 0, 0, 0, 0, 0, 0, 0, 0, 0, 0, 0, 0, 0, 0, 0, 0
ばね特性3~24,ELEMENT,SPG,0, 0.5, NO,0, 0.5, NO,0.5, 0.5, 0,0,
YES,100000,0,NO
YES,1.57894736842105,0,NO
YES,1.57894736842105,0,NO
NO, 0, 0, NO
NO, 0, 0, NO
NO, 0, 0, NO
0, 0, 0, 0, 0, 0, 0, 0, 0, 0, 0, 0, 0, 0, 0, 0, 0, 0, 0, 0, 0, 0, 0, 0, 0, 0, 0, 0, 0, 0, 0
ばね特性5~65,ELEMENT,SPG,0, 0.5, NO,0, 0.5, NO,0.5, 0.5, 0,0,
YES,100000,0,NO
YES,4.21052631578947,0,NO
YES,4.21052631578947,0,NO
NO, 0, 0, NO
NO, 0, 0, NO
NO, 0, 0, NO
0, 0, 0, 0, 0, 0, 0, 0, 0, 0, 0, 0, 0, 0, 0, 0, 0, 0, 0, 0, 0, 0, 0, 0, 0, 0, 0, 0, 0, 0, 0
ばね特性4~50,ELEMENT,SPG,0, 0.5, NO,0, 0.5, NO,0.5, 0.5, 0,0,
YES,100000,0,NO
YES,2.10526315789474,0,NO
YES,2.10526315789474,0,NO
NO, 0, 0, NO
NO, 0, 0, NO
NO, 0, 0, NO
0, 0, 0, 0, 0, 0, 0, 0, 0, 0, 0, 0, 0, 0, 0, 0, 0, 0, 0, 0, 0, 0, 0, 0, 0, 0, 0, 0, 0, 0, 0
ばね特性2~38,ELEMENT,SPG,0, 0.5, NO,0, 0.5, NO,0.5, 0.5, 0,0,
YES,100000,0,NO
YES,0.789473684210527,0,NO
YES,0.789473684210527,0,NO
NO, 0, 0, NO
NO, 0, 0, NO
NO, 0, 0, NO
0, 0, 0, 0, 0, 0, 0, 0, 0, 0, 0, 0, 0, 0, 0, 0, 0, 0, 0, 0, 0, 0, 0, 0, 0, 0, 0, 0, 0, 0, 0
ばね特性5~66,ELEMENT,SPG,0, 0.5, NO,0, 0.5, NO,0.5, 0.5, 0,0,
YES,100000,0,NO
YES,4.21052631578947,0,NO
YES,4.21052631578947,0,NO
NO, 0, 0, NO
NO, 0, 0, NO
NO, 0, 0, NO
0, 0, 0, 0, 0, 0, 0, 0, 0, 0, 0, 0, 0, 0, 0, 0, 0, 0, 0, 0, 0, 0, 0, 0, 0, 0, 0, 0, 0, 0, 0
ばね特性3~25,ELEMENT,SPG,0, 0.5, NO,0, 0.5, NO,0.5, 0.5, 0,0,
YES,100000,0,NO
YES,1.57894736842105,0,NO
YES,1.57894736842105,0,NO
NO, 0, 0, NO
NO, 0, 0, NO
NO, 0, 0, NO
0, 0, 0, 0, 0, 0, 0, 0, 0, 0, 0, 0, 0, 0, 0, 0, 0, 0, 0, 0, 0, 0, 0, 0, 0, 0, 0, 0, 0, 0, 0
ばね特性5~67,ELEMENT,SPG,0, 0.5, NO,0, 0.5, NO,0.5, 0.5, 0,0,
YES,100000,0,NO
YES,4.21052631578947,0,NO
YES,4.21052631578947,0,NO
NO, 0, 0, NO
NO, 0, 0, NO
NO, 0, 0, NO
0, 0, 0, 0, 0, 0, 0, 0, 0, 0, 0, 0, 0, 0, 0, 0, 0, 0, 0, 0, 0, 0, 0, 0, 0, 0, 0, 0, 0, 0, 0
ばね特性4~51,ELEMENT,SPG,0, 0.5, NO,0, 0.5, NO,0.5, 0.5, 0,0,
YES,100000,0,NO
YES,2.10526315789474,0,NO
YES,2.10526315789474,0,NO
NO, 0, 0, NO
NO, 0, 0, NO
NO, 0, 0, NO
0, 0, 0, 0, 0, 0, 0, 0, 0, 0, 0, 0, 0, 0, 0, 0, 0, 0, 0, 0, 0, 0, 0, 0, 0, 0, 0, 0, 0, 0, 0
ばね特性2~39,ELEMENT,SPG,0, 0.5, NO,0, 0.5, NO,0.5, 0.5, 0,0,
YES,100000,0,NO
YES,0.789473684210527,0,NO
YES,0.789473684210527,0,NO
NO, 0, 0, NO
NO, 0, 0, NO
NO, 0, 0, NO
0, 0, 0, 0, 0, 0, 0, 0, 0, 0, 0, 0, 0, 0, 0, 0, 0, 0, 0, 0, 0, 0, 0, 0, 0, 0, 0, 0, 0, 0, 0
ばね特性5~68,ELEMENT,SPG,0, 0.5, NO,0, 0.5, NO,0.5, 0.5, 0,0,
YES,100000,0,NO
YES,4.21052631578947,0,NO
YES,4.21052631578947,0,NO
NO, 0, 0, NO
NO, 0, 0, NO
NO, 0, 0, NO
0, 0, 0, 0, 0, 0, 0, 0, 0, 0, 0, 0, 0, 0, 0, 0, 0, 0, 0, 0, 0, 0, 0, 0, 0, 0, 0, 0, 0, 0, 0
ばね特性3~26,ELEMENT,SPG,0, 0.5, NO,0, 0.5, NO,0.5, 0.5, 0,0,
YES,100000,0,NO
YES,1.57894736842105,0,NO
YES,1.57894736842105,0,NO
NO, 0, 0, NO
NO, 0, 0, NO
NO, 0, 0, NO
0, 0, 0, 0, 0, 0, 0, 0, 0, 0, 0, 0, 0, 0, 0, 0, 0, 0, 0, 0, 0, 0, 0, 0, 0, 0, 0, 0, 0, 0, 0
ばね特性5~69,ELEMENT,SPG,0, 0.5, NO,0, 0.5, NO,0.5, 0.5, 0,0,
YES,100000,0,NO
YES,4.21052631578947,0,NO
YES,4.21052631578947,0,NO
NO, 0, 0, NO
NO, 0, 0, NO
NO, 0, 0, NO
0, 0, 0, 0, 0, 0, 0, 0, 0, 0, 0, 0, 0, 0, 0, 0, 0, 0, 0, 0, 0, 0, 0, 0, 0, 0, 0, 0, 0, 0, 0
ばね特性4~52,ELEMENT,SPG,0, 0.5, NO,0, 0.5, NO,0.5, 0.5, 0,0,
YES,100000,0,NO
YES,2.10526315789474,0,NO
YES,2.10526315789474,0,NO
NO, 0, 0, NO
NO, 0, 0, NO
NO, 0, 0, NO
0, 0, 0, 0, 0, 0, 0, 0, 0, 0, 0, 0, 0, 0, 0, 0, 0, 0, 0, 0, 0, 0, 0, 0, 0, 0, 0, 0, 0, 0, 0
ばね特性2~40,ELEMENT,SPG,0, 0.5, NO,0, 0.5, NO,0.5, 0.5, 0,0,
YES,100000,0,NO
YES,0.789473684210527,0,NO
YES,0.789473684210527,0,NO
NO, 0, 0, NO
NO, 0, 0, NO
NO, 0, 0, NO
0, 0, 0, 0, 0, 0, 0, 0, 0, 0, 0, 0, 0, 0, 0, 0, 0, 0, 0, 0, 0, 0, 0, 0, 0, 0, 0, 0, 0, 0, 0
ばね特性5~70,ELEMENT,SPG,0, 0.5, NO,0, 0.5, NO,0.5, 0.5, 0,0,
YES,100000,0,NO
YES,4.21052631578947,0,NO
YES,4.21052631578947,0,NO
NO, 0, 0, NO
NO, 0, 0, NO
NO, 0, 0, NO
0, 0, 0, 0, 0, 0, 0, 0, 0, 0, 0, 0, 0, 0, 0, 0, 0, 0, 0, 0, 0, 0, 0, 0, 0, 0, 0, 0, 0, 0, 0
ばね特性3~27,ELEMENT,SPG,0, 0.5, NO,0, 0.5, NO,0.5, 0.5, 0,0,
YES,100000,0,NO
YES,1.57894736842105,0,NO
YES,1.57894736842105,0,NO
NO, 0, 0, NO
NO, 0, 0, NO
NO, 0, 0, NO
0, 0, 0, 0, 0, 0, 0, 0, 0, 0, 0, 0, 0, 0, 0, 0, 0, 0, 0, 0, 0, 0, 0, 0, 0, 0, 0, 0, 0, 0, 0
ばね特性5~71,ELEMENT,SPG,0, 0.5, NO,0, 0.5, NO,0.5, 0.5, 0,0,
YES,100000,0,NO
YES,4.21052631578947,0,NO
YES,4.21052631578947,0,NO
NO, 0, 0, NO
NO, 0, 0, NO
NO, 0, 0, NO
0, 0, 0, 0, 0, 0, 0, 0, 0, 0, 0, 0, 0, 0, 0, 0, 0, 0, 0, 0, 0, 0, 0, 0, 0, 0, 0, 0, 0, 0, 0
ばね特性4~53,ELEMENT,SPG,0, 0.5, NO,0, 0.5, NO,0.5, 0.5, 0,0,
YES,100000,0,NO
YES,2.10526315789474,0,NO
YES,2.10526315789474,0,NO
NO, 0, 0, NO
NO, 0, 0, NO
NO, 0, 0, NO
0, 0, 0, 0, 0, 0, 0, 0, 0, 0, 0, 0, 0, 0, 0, 0, 0, 0, 0, 0, 0, 0, 0, 0, 0, 0, 0, 0, 0, 0, 0
ばね特性1~14,ELEMENT,SPG,0, 0.5, NO,0, 0.5, NO,0.5, 0.5, 0,0,
YES,100000,0,NO
YES,0.394736842105263,0,NO
YES,0.394736842105263,0,NO
NO, 0, 0, NO
NO, 0, 0, NO
NO, 0, 0, NO
0, 0, 0, 0, 0, 0, 0, 0, 0, 0, 0, 0, 0, 0, 0, 0, 0, 0, 0, 0, 0, 0, 0, 0, 0, 0, 0, 0, 0, 0, 0
ばね特性4~54,ELEMENT,SPG,0, 0.5, NO,0, 0.5, NO,0.5, 0.5, 0,0,
YES,100000,0,NO
YES,2.10526315789474,0,NO
YES,2.10526315789474,0,NO
NO, 0, 0, NO
NO, 0, 0, NO
NO, 0, 0, NO
0, 0, 0, 0, 0, 0, 0, 0, 0, 0, 0, 0, 0, 0, 0, 0, 0, 0, 0, 0, 0, 0, 0, 0, 0, 0, 0, 0, 0, 0, 0
ばね特性2~41,ELEMENT,SPG,0, 0.5, NO,0, 0.5, NO,0.5, 0.5, 0,0,
YES,100000,0,NO
YES,0.789473684210527,0,NO
YES,0.789473684210527,0,NO
NO, 0, 0, NO
NO, 0, 0, NO
NO, 0, 0, NO
0, 0, 0, 0, 0, 0, 0, 0, 0, 0, 0, 0, 0, 0, 0, 0, 0, 0, 0, 0, 0, 0, 0, 0, 0, 0, 0, 0, 0, 0, 0
ばね特性5~72,ELEMENT,SPG,0, 0.5, NO,0, 0.5, NO,0.5, 0.5, 0,0,
YES,100000,0,NO
YES,4.21052631578947,0,NO
YES,4.21052631578947,0,NO
NO, 0, 0, NO
NO, 0, 0, NO
NO, 0, 0, NO
0, 0, 0, 0, 0, 0, 0, 0, 0, 0, 0, 0, 0, 0, 0, 0, 0, 0, 0, 0, 0, 0, 0, 0, 0, 0, 0, 0, 0, 0, 0
ばね特性5~73,ELEMENT,SPG,0, 0.5, NO,0, 0.5, NO,0.5, 0.5, 0,0,
YES,100000,0,NO
YES,4.21052631578947,0,NO
YES,4.21052631578947,0,NO
NO, 0, 0, NO
NO, 0, 0, NO
NO, 0, 0, NO
0, 0, 0, 0, 0, 0, 0, 0, 0, 0, 0, 0, 0, 0, 0, 0, 0, 0, 0, 0, 0, 0, 0, 0, 0, 0, 0, 0, 0, 0, 0
ばね特性3~28,ELEMENT,SPG,0, 0.5, NO,0, 0.5, NO,0.5, 0.5, 0,0,
YES,100000,0,NO
YES,1.57894736842105,0,NO
YES,1.57894736842105,0,NO
NO, 0, 0, NO
NO, 0, 0, NO
NO, 0, 0, NO
0, 0, 0, 0, 0, 0, 0, 0, 0, 0, 0, 0, 0, 0, 0, 0, 0, 0, 0, 0, 0, 0, 0, 0, 0, 0, 0, 0, 0, 0, 0
ばね特性5~74,ELEMENT,SPG,0, 0.5, NO,0, 0.5, NO,0.5, 0.5, 0,0,
YES,100000,0,NO
YES,4.21052631578947,0,NO
YES,4.21052631578947,0,NO
NO, 0, 0, NO
NO, 0, 0, NO
NO, 0, 0, NO
0, 0, 0, 0, 0, 0, 0, 0, 0, 0, 0, 0, 0, 0, 0, 0, 0, 0, 0, 0, 0, 0, 0, 0, 0, 0, 0, 0, 0, 0, 0
ばね特性2~42,ELEMENT,SPG,0, 0.5, NO,0, 0.5, NO,0.5, 0.5, 0,0,
YES,100000,0,NO
YES,0.789473684210527,0,NO
YES,0.789473684210527,0,NO
NO, 0, 0, NO
NO, 0, 0, NO
NO, 0, 0, NO
0, 0, 0, 0, 0, 0, 0, 0, 0, 0, 0, 0, 0, 0, 0, 0, 0, 0, 0, 0, 0, 0, 0, 0, 0, 0, 0, 0, 0, 0, 0
ばね特性4~55,ELEMENT,SPG,0, 0.5, NO,0, 0.5, NO,0.5, 0.5, 0,0,
YES,100000,0,NO
YES,2.10526315789474,0,NO
YES,2.10526315789474,0,NO
NO, 0, 0, NO
NO, 0, 0, NO
NO, 0, 0, NO
0, 0, 0, 0, 0, 0, 0, 0, 0, 0, 0, 0, 0, 0, 0, 0, 0, 0, 0, 0, 0, 0, 0, 0, 0, 0, 0, 0, 0, 0, 0
ばね特性5~75,ELEMENT,SPG,0, 0.5, NO,0, 0.5, NO,0.5, 0.5, 0,0,
YES,100000,0,NO
YES,4.21052631578947,0,NO
YES,4.21052631578947,0,NO
NO, 0, 0, NO
NO, 0, 0, NO
NO, 0, 0, NO
0, 0, 0, 0, 0, 0, 0, 0, 0, 0, 0, 0, 0, 0, 0, 0, 0, 0, 0, 0, 0, 0, 0, 0, 0, 0, 0, 0, 0, 0, 0
ばね特性3~29,ELEMENT,SPG,0, 0.5, NO,0, 0.5, NO,0.5, 0.5, 0,0,
YES,100000,0,NO
YES,1.57894736842105,0,NO
YES,1.57894736842105,0,NO
NO, 0, 0, NO
NO, 0, 0, NO
NO, 0, 0, NO
0, 0, 0, 0, 0, 0, 0, 0, 0, 0, 0, 0, 0, 0, 0, 0, 0, 0, 0, 0, 0, 0, 0, 0, 0, 0, 0, 0, 0, 0, 0
ばね特性5~76,ELEMENT,SPG,0, 0.5, NO,0, 0.5, NO,0.5, 0.5, 0,0,
YES,100000,0,NO
YES,4.21052631578947,0,NO
YES,4.21052631578947,0,NO
NO, 0, 0, NO
NO, 0, 0, NO
NO, 0, 0, NO
0, 0, 0, 0, 0, 0, 0, 0, 0, 0, 0, 0, 0, 0, 0, 0, 0, 0, 0, 0, 0, 0, 0, 0, 0, 0, 0, 0, 0, 0, 0
ばね特性5~77,ELEMENT,SPG,0, 0.5, NO,0, 0.5, NO,0.5, 0.5, 0,0,
YES,100000,0,NO
YES,4.21052631578947,0,NO
YES,4.21052631578947,0,NO
NO, 0, 0, NO
NO, 0, 0, NO
NO, 0, 0, NO
0, 0, 0, 0, 0, 0, 0, 0, 0, 0, 0, 0, 0, 0, 0, 0, 0, 0, 0, 0, 0, 0, 0, 0, 0, 0, 0, 0, 0, 0, 0
ばね特性3~30,ELEMENT,SPG,0, 0.5, NO,0, 0.5, NO,0.5, 0.5, 0,0,
YES,100000,0,NO
YES,1.57894736842105,0,NO
YES,1.57894736842105,0,NO
NO, 0, 0, NO
NO, 0, 0, NO
NO, 0, 0, NO
0, 0, 0, 0, 0, 0, 0, 0, 0, 0, 0, 0, 0, 0, 0, 0, 0, 0, 0, 0, 0, 0, 0, 0, 0, 0, 0, 0, 0, 0, 0
ばね特性5~78,ELEMENT,SPG,0, 0.5, NO,0, 0.5, NO,0.5, 0.5, 0,0,
YES,100000,0,NO
YES,4.21052631578947,0,NO
YES,4.21052631578947,0,NO
NO, 0, 0, NO
NO, 0, 0, NO
NO, 0, 0, NO
0, 0, 0, 0, 0, 0, 0, 0, 0, 0, 0, 0, 0, 0, 0, 0, 0, 0, 0, 0, 0, 0, 0, 0, 0, 0, 0, 0, 0, 0, 0
ばね特性5~79,ELEMENT,SPG,0, 0.5, NO,0, 0.5, NO,0.5, 0.5, 0,0,
YES,100000,0,NO
YES,4.21052631578947,0,NO
YES,4.21052631578947,0,NO
NO, 0, 0, NO
NO, 0, 0, NO
NO, 0, 0, NO
0, 0, 0, 0, 0, 0, 0, 0, 0, 0, 0, 0, 0, 0, 0, 0, 0, 0, 0, 0, 0, 0, 0, 0, 0, 0, 0, 0, 0, 0, 0
ばね特性3~31,ELEMENT,SPG,0, 0.5, NO,0, 0.5, NO,0.5, 0.5, 0,0,
YES,100000,0,NO
YES,1.57894736842105,0,NO
YES,1.57894736842105,0,NO
NO, 0, 0, NO
NO, 0, 0, NO
NO, 0, 0, NO
0, 0, 0, 0, 0, 0, 0, 0, 0, 0, 0, 0, 0, 0, 0, 0, 0, 0, 0, 0, 0, 0, 0, 0, 0, 0, 0, 0, 0, 0, 0
ばね特性5~80,ELEMENT,SPG,0, 0.5, NO,0, 0.5, NO,0.5, 0.5, 0,0,
YES,100000,0,NO
YES,4.21052631578947,0,NO
YES,4.21052631578947,0,NO
NO, 0, 0, NO
NO, 0, 0, NO
NO, 0, 0, NO
0, 0, 0, 0, 0, 0, 0, 0, 0, 0, 0, 0, 0, 0, 0, 0, 0, 0, 0, 0, 0, 0, 0, 0, 0, 0, 0, 0, 0, 0, 0
ばね特性5~81,ELEMENT,SPG,0, 0.5, NO,0, 0.5, NO,0.5, 0.5, 0,0,
YES,100000,0,NO
YES,4.21052631578947,0,NO
YES,4.21052631578947,0,NO
NO, 0, 0, NO
NO, 0, 0, NO
NO, 0, 0, NO
0, 0, 0, 0, 0, 0, 0, 0, 0, 0, 0, 0, 0, 0, 0, 0, 0, 0, 0, 0, 0, 0, 0, 0, 0, 0, 0, 0, 0, 0, 0
ばね特性3~32,ELEMENT,SPG,0, 0.5, NO,0, 0.5, NO,0.5, 0.5, 0,0,
YES,100000,0,NO
YES,1.57894736842105,0,NO
YES,1.57894736842105,0,NO
NO, 0, 0, NO
NO, 0, 0, NO
NO, 0, 0, NO
0, 0, 0, 0, 0, 0, 0, 0, 0, 0, 0, 0, 0, 0, 0, 0, 0, 0, 0, 0, 0, 0, 0, 0, 0, 0, 0, 0, 0, 0, 0
ばね特性5~82,ELEMENT,SPG,0, 0.5, NO,0, 0.5, NO,0.5, 0.5, 0,0,
YES,100000,0,NO
YES,4.21052631578947,0,NO
YES,4.21052631578947,0,NO
NO, 0, 0, NO
NO, 0, 0, NO
NO, 0, 0, NO
0, 0, 0, 0, 0, 0, 0, 0, 0, 0, 0, 0, 0, 0, 0, 0, 0, 0, 0, 0, 0, 0, 0, 0, 0, 0, 0, 0, 0, 0, 0
ばね特性4~56,ELEMENT,SPG,0, 0.5, NO,0, 0.5, NO,0.5, 0.5, 0,0,
YES,100000,0,NO
YES,2.10526315789474,0,NO
YES,2.10526315789474,0,NO
NO, 0, 0, NO
NO, 0, 0, NO
NO, 0, 0, NO
0, 0, 0, 0, 0, 0, 0, 0, 0, 0, 0, 0, 0, 0, 0, 0, 0, 0, 0, 0, 0, 0, 0, 0, 0, 0, 0, 0, 0, 0, 0
ばね特性2~43,ELEMENT,SPG,0, 0.5, NO,0, 0.5, NO,0.5, 0.5, 0,0,
YES,100000,0,NO
YES,0.789473684210527,0,NO
YES,0.789473684210527,0,NO
NO, 0, 0, NO
NO, 0, 0, NO
NO, 0, 0, NO
0, 0, 0, 0, 0, 0, 0, 0, 0, 0, 0, 0, 0, 0, 0, 0, 0, 0, 0, 0, 0, 0, 0, 0, 0, 0, 0, 0, 0, 0, 0
ばね特性5~83,ELEMENT,SPG,0, 0.5, NO,0, 0.5, NO,0.5, 0.5, 0,0,
YES,100000,0,NO
YES,4.21052631578947,0,NO
YES,4.21052631578947,0,NO
NO, 0, 0, NO
NO, 0, 0, NO
NO, 0, 0, NO
0, 0, 0, 0, 0, 0, 0, 0, 0, 0, 0, 0, 0, 0, 0, 0, 0, 0, 0, 0, 0, 0, 0, 0, 0, 0, 0, 0, 0, 0, 0
ばね特性5~84,ELEMENT,SPG,0, 0.5, NO,0, 0.5, NO,0.5, 0.5, 0,0,
YES,100000,0,NO
YES,4.21052631578947,0,NO
YES,4.21052631578947,0,NO
NO, 0, 0, NO
NO, 0, 0, NO
NO, 0, 0, NO
0, 0, 0, 0, 0, 0, 0, 0, 0, 0, 0, 0, 0, 0, 0, 0, 0, 0, 0, 0, 0, 0, 0, 0, 0, 0, 0, 0, 0, 0, 0
ばね特性3~33,ELEMENT,SPG,0, 0.5, NO,0, 0.5, NO,0.5, 0.5, 0,0,
YES,100000,0,NO
YES,1.57894736842105,0,NO
YES,1.57894736842105,0,NO
NO, 0, 0, NO
NO, 0, 0, NO
NO, 0, 0, NO
0, 0, 0, 0, 0, 0, 0, 0, 0, 0, 0, 0, 0, 0, 0, 0, 0, 0, 0, 0, 0, 0, 0, 0, 0, 0, 0, 0, 0, 0, 0
ばね特性5~85,ELEMENT,SPG,0, 0.5, NO,0, 0.5, NO,0.5, 0.5, 0,0,
YES,100000,0,NO
YES,4.21052631578947,0,NO
YES,4.21052631578947,0,NO
NO, 0, 0, NO
NO, 0, 0, NO
NO, 0, 0, NO
0, 0, 0, 0, 0, 0, 0, 0, 0, 0, 0, 0, 0, 0, 0, 0, 0, 0, 0, 0, 0, 0, 0, 0, 0, 0, 0, 0, 0, 0, 0
ばね特性2~44,ELEMENT,SPG,0, 0.5, NO,0, 0.5, NO,0.5, 0.5, 0,0,
YES,100000,0,NO
YES,0.789473684210527,0,NO
YES,0.789473684210527,0,NO
NO, 0, 0, NO
NO, 0, 0, NO
NO, 0, 0, NO
0, 0, 0, 0, 0, 0, 0, 0, 0, 0, 0, 0, 0, 0, 0, 0, 0, 0, 0, 0, 0, 0, 0, 0, 0, 0, 0, 0, 0, 0, 0
ばね特性4~57,ELEMENT,SPG,0, 0.5, NO,0, 0.5, NO,0.5, 0.5, 0,0,
YES,100000,0,NO
YES,2.10526315789474,0,NO
YES,2.10526315789474,0,NO
NO, 0, 0, NO
NO, 0, 0, NO
NO, 0, 0, NO
0, 0, 0, 0, 0, 0, 0, 0, 0, 0, 0, 0, 0, 0, 0, 0, 0, 0, 0, 0, 0, 0, 0, 0, 0, 0, 0, 0, 0, 0, 0
ばね特性5~86,ELEMENT,SPG,0, 0.5, NO,0, 0.5, NO,0.5, 0.5, 0,0,
YES,100000,0,NO
YES,4.21052631578947,0,NO
YES,4.21052631578947,0,NO
NO, 0, 0, NO
NO, 0, 0, NO
NO, 0, 0, NO
0, 0, 0, 0, 0, 0, 0, 0, 0, 0, 0, 0, 0, 0, 0, 0, 0, 0, 0, 0, 0, 0, 0, 0, 0, 0, 0, 0, 0, 0, 0
ばね特性3~34,ELEMENT,SPG,0, 0.5, NO,0, 0.5, NO,0.5, 0.5, 0,0,
YES,100000,0,NO
YES,1.57894736842105,0,NO
YES,1.57894736842105,0,NO
NO, 0, 0, NO
NO, 0, 0, NO
NO, 0, 0, NO
0, 0, 0, 0, 0, 0, 0, 0, 0, 0, 0, 0, 0, 0, 0, 0, 0, 0, 0, 0, 0, 0, 0, 0, 0, 0, 0, 0, 0, 0, 0
ばね特性5~87,ELEMENT,SPG,0, 0.5, NO,0, 0.5, NO,0.5, 0.5, 0,0,
YES,100000,0,NO
YES,4.21052631578947,0,NO
YES,4.21052631578947,0,NO
NO, 0, 0, NO
NO, 0, 0, NO
NO, 0, 0, NO
0, 0, 0, 0, 0, 0, 0, 0, 0, 0, 0, 0, 0, 0, 0, 0, 0, 0, 0, 0, 0, 0, 0, 0, 0, 0, 0, 0, 0, 0, 0
ばね特性5~88,ELEMENT,SPG,0, 0.5, NO,0, 0.5, NO,0.5, 0.5, 0,0,
YES,100000,0,NO
YES,4.21052631578947,0,NO
YES,4.21052631578947,0,NO
NO, 0, 0, NO
NO, 0, 0, NO
NO, 0, 0, NO
0, 0, 0, 0, 0, 0, 0, 0, 0, 0, 0, 0, 0, 0, 0, 0, 0, 0, 0, 0, 0, 0, 0, 0, 0, 0, 0, 0, 0, 0, 0
ばね特性3~35,ELEMENT,SPG,0, 0.5, NO,0, 0.5, NO,0.5, 0.5, 0,0,
YES,100000,0,NO
YES,1.57894736842105,0,NO
YES,1.57894736842105,0,NO
NO, 0, 0, NO
NO, 0, 0, NO
NO, 0, 0, NO
0, 0, 0, 0, 0, 0, 0, 0, 0, 0, 0, 0, 0, 0, 0, 0, 0, 0, 0, 0, 0, 0, 0, 0, 0, 0, 0, 0, 0, 0, 0
ばね特性5~89,ELEMENT,SPG,0, 0.5, NO,0, 0.5, NO,0.5, 0.5, 0,0,
YES,100000,0,NO
YES,4.21052631578947,0,NO
YES,4.21052631578947,0,NO
NO, 0, 0, NO
NO, 0, 0, NO
NO, 0, 0, NO
0, 0, 0, 0, 0, 0, 0, 0, 0, 0, 0, 0, 0, 0, 0, 0, 0, 0, 0, 0, 0, 0, 0, 0, 0, 0, 0, 0, 0, 0, 0
ばね特性5~90,ELEMENT,SPG,0, 0.5, NO,0, 0.5, NO,0.5, 0.5, 0,0,
YES,100000,0,NO
YES,4.21052631578947,0,NO
YES,4.21052631578947,0,NO
NO, 0, 0, NO
NO, 0, 0, NO
NO, 0, 0, NO
0, 0, 0, 0, 0, 0, 0, 0, 0, 0, 0, 0, 0, 0, 0, 0, 0, 0, 0, 0, 0, 0, 0, 0, 0, 0, 0, 0, 0, 0, 0
ばね特性3~36,ELEMENT,SPG,0, 0.5, NO,0, 0.5, NO,0.5, 0.5, 0,0,
YES,100000,0,NO
YES,1.57894736842105,0,NO
YES,1.57894736842105,0,NO
NO, 0, 0, NO
NO, 0, 0, NO
NO, 0, 0, NO
0, 0, 0, 0, 0, 0, 0, 0, 0, 0, 0, 0, 0, 0, 0, 0, 0, 0, 0, 0, 0, 0, 0, 0, 0, 0, 0, 0, 0, 0, 0
ばね特性5~91,ELEMENT,SPG,0, 0.5, NO,0, 0.5, NO,0.5, 0.5, 0,0,
YES,100000,0,NO
YES,4.21052631578947,0,NO
YES,4.21052631578947,0,NO
NO, 0, 0, NO
NO, 0, 0, NO
NO, 0, 0, NO
0, 0, 0, 0, 0, 0, 0, 0, 0, 0, 0, 0, 0, 0, 0, 0, 0, 0, 0, 0, 0, 0, 0, 0, 0, 0, 0, 0, 0, 0, 0
ばね特性5~92,ELEMENT,SPG,0, 0.5, NO,0, 0.5, NO,0.5, 0.5, 0,0,
YES,100000,0,NO
YES,4.21052631578947,0,NO
YES,4.21052631578947,0,NO
NO, 0, 0, NO
NO, 0, 0, NO
NO, 0, 0, NO
0, 0, 0, 0, 0, 0, 0, 0, 0, 0, 0, 0, 0, 0, 0, 0, 0, 0, 0, 0, 0, 0, 0, 0, 0, 0, 0, 0, 0, 0, 0
ばね特性3~37,ELEMENT,SPG,0, 0.5, NO,0, 0.5, NO,0.5, 0.5, 0,0,
YES,100000,0,NO
YES,1.57894736842105,0,NO
YES,1.57894736842105,0,NO
NO, 0, 0, NO
NO, 0, 0, NO
NO, 0, 0, NO
0, 0, 0, 0, 0, 0, 0, 0, 0, 0, 0, 0, 0, 0, 0, 0, 0, 0, 0, 0, 0, 0, 0, 0, 0, 0, 0, 0, 0, 0, 0
ばね特性5~93,ELEMENT,SPG,0, 0.5, NO,0, 0.5, NO,0.5, 0.5, 0,0,
YES,100000,0,NO
YES,4.21052631578947,0,NO
YES,4.21052631578947,0,NO
NO, 0, 0, NO
NO, 0, 0, NO
NO, 0, 0, NO
0, 0, 0, 0, 0, 0, 0, 0, 0, 0, 0, 0, 0, 0, 0, 0, 0, 0, 0, 0, 0, 0, 0, 0, 0, 0, 0, 0, 0, 0, 0
ばね特性4~58,ELEMENT,SPG,0, 0.5, NO,0, 0.5, NO,0.5, 0.5, 0,0,
YES,100000,0,NO
YES,2.10526315789474,0,NO
YES,2.10526315789474,0,NO
NO, 0, 0, NO
NO, 0, 0, NO
NO, 0, 0, NO
0, 0, 0, 0, 0, 0, 0, 0, 0, 0, 0, 0, 0, 0, 0, 0, 0, 0, 0, 0, 0, 0, 0, 0, 0, 0, 0, 0, 0, 0, 0
ばね特性2~45,ELEMENT,SPG,0, 0.5, NO,0, 0.5, NO,0.5, 0.5, 0,0,
YES,100000,0,NO
YES,0.789473684210527,0,NO
YES,0.789473684210527,0,NO
NO, 0, 0, NO
NO, 0, 0, NO
NO, 0, 0, NO
0, 0, 0, 0, 0, 0, 0, 0, 0, 0, 0, 0, 0, 0, 0, 0, 0, 0, 0, 0, 0, 0, 0, 0, 0, 0, 0, 0, 0, 0, 0
ばね特性5~94,ELEMENT,SPG,0, 0.5, NO,0, 0.5, NO,0.5, 0.5, 0,0,
YES,100000,0,NO
YES,4.21052631578947,0,NO
YES,4.21052631578947,0,NO
NO, 0, 0, NO
NO, 0, 0, NO
NO, 0, 0, NO
0, 0, 0, 0, 0, 0, 0, 0, 0, 0, 0, 0, 0, 0, 0, 0, 0, 0, 0, 0, 0, 0, 0, 0, 0, 0, 0, 0, 0, 0, 0
ばね特性5~95,ELEMENT,SPG,0, 0.5, NO,0, 0.5, NO,0.5, 0.5, 0,0,
YES,100000,0,NO
YES,4.21052631578947,0,NO
YES,4.21052631578947,0,NO
NO, 0, 0, NO
NO, 0, 0, NO
NO, 0, 0, NO
0, 0, 0, 0, 0, 0, 0, 0, 0, 0, 0, 0, 0, 0, 0, 0, 0, 0, 0, 0, 0, 0, 0, 0, 0, 0, 0, 0, 0, 0, 0
ばね特性2~46,ELEMENT,SPG,0, 0.5, NO,0, 0.5, NO,0.5, 0.5, 0,0,
YES,100000,0,NO
YES,0.789473684210527,0,NO
YES,0.789473684210527,0,NO
NO, 0, 0, NO
NO, 0, 0, NO
NO, 0, 0, NO
0, 0, 0, 0, 0, 0, 0, 0, 0, 0, 0, 0, 0, 0, 0, 0, 0, 0, 0, 0, 0, 0, 0, 0, 0, 0, 0, 0, 0, 0, 0
ばね特性4~59,ELEMENT,SPG,0, 0.5, NO,0, 0.5, NO,0.5, 0.5, 0,0,
YES,100000,0,NO
YES,2.10526315789474,0,NO
YES,2.10526315789474,0,NO
NO, 0, 0, NO
NO, 0, 0, NO
NO, 0, 0, NO
0, 0, 0, 0, 0, 0, 0, 0, 0, 0, 0, 0, 0, 0, 0, 0, 0, 0, 0, 0, 0, 0, 0, 0, 0, 0, 0, 0, 0, 0, 0
ばね特性1~15,ELEMENT,SPG,0, 0.5, NO,0, 0.5, NO,0.5, 0.5, 0,0,
YES,100000,0,NO
YES,0.394736842105263,0,NO
YES,0.394736842105263,0,NO
NO, 0, 0, NO
NO, 0, 0, NO
NO, 0, 0, NO
0, 0, 0, 0, 0, 0, 0, 0, 0, 0, 0, 0, 0, 0, 0, 0, 0, 0, 0, 0, 0, 0, 0, 0, 0, 0, 0, 0, 0, 0, 0
ばね特性4~60,ELEMENT,SPG,0, 0.5, NO,0, 0.5, NO,0.5, 0.5, 0,0,
YES,100000,0,NO
YES,2.10526315789474,0,NO
YES,2.10526315789474,0,NO
NO, 0, 0, NO
NO, 0, 0, NO
NO, 0, 0, NO
0, 0, 0, 0, 0, 0, 0, 0, 0, 0, 0, 0, 0, 0, 0, 0, 0, 0, 0, 0, 0, 0, 0, 0, 0, 0, 0, 0, 0, 0, 0
ばね特性5~96,ELEMENT,SPG,0, 0.5, NO,0, 0.5, NO,0.5, 0.5, 0,0,
YES,100000,0,NO
YES,4.21052631578947,0,NO
YES,4.21052631578947,0,NO
NO, 0, 0, NO
NO, 0, 0, NO
NO, 0, 0, NO
0, 0, 0, 0, 0, 0, 0, 0, 0, 0, 0, 0, 0, 0, 0, 0, 0, 0, 0, 0, 0, 0, 0, 0, 0, 0, 0, 0, 0, 0, 0
ばね特性2~47,ELEMENT,SPG,0, 0.5, NO,0, 0.5, NO,0.5, 0.5, 0,0,
YES,100000,0,NO
YES,0.789473684210527,0,NO
YES,0.789473684210527,0,NO
NO, 0, 0, NO
NO, 0, 0, NO
NO, 0, 0, NO
0, 0, 0, 0, 0, 0, 0, 0, 0, 0, 0, 0, 0, 0, 0, 0, 0, 0, 0, 0, 0, 0, 0, 0, 0, 0, 0, 0, 0, 0, 0
ばね特性4~61,ELEMENT,SPG,0, 0.5, NO,0, 0.5, NO,0.5, 0.5, 0,0,
YES,100000,0,NO
YES,2.10526315789474,0,NO
YES,2.10526315789474,0,NO
NO, 0, 0, NO
NO, 0, 0, NO
NO, 0, 0, NO
0, 0, 0, 0, 0, 0, 0, 0, 0, 0, 0, 0, 0, 0, 0, 0, 0, 0, 0, 0, 0, 0, 0, 0, 0, 0, 0, 0, 0, 0, 0
ばね特性5~97,ELEMENT,SPG,0, 0.5, NO,0, 0.5, NO,0.5, 0.5, 0,0,
YES,100000,0,NO
YES,4.21052631578947,0,NO
YES,4.21052631578947,0,NO
NO, 0, 0, NO
NO, 0, 0, NO
NO, 0, 0, NO
0, 0, 0, 0, 0, 0, 0, 0, 0, 0, 0, 0, 0, 0, 0, 0, 0, 0, 0, 0, 0, 0, 0, 0, 0, 0, 0, 0, 0, 0, 0
ばね特性2~48,ELEMENT,SPG,0, 0.5, NO,0, 0.5, NO,0.5, 0.5, 0,0,
YES,100000,0,NO
YES,0.789473684210527,0,NO
YES,0.789473684210527,0,NO
NO, 0, 0, NO
NO, 0, 0, NO
NO, 0, 0, NO
0, 0, 0, 0, 0, 0, 0, 0, 0, 0, 0, 0, 0, 0, 0, 0, 0, 0, 0, 0, 0, 0, 0, 0, 0, 0, 0, 0, 0, 0, 0
ばね特性4~62,ELEMENT,SPG,0, 0.5, NO,0, 0.5, NO,0.5, 0.5, 0,0,
YES,100000,0,NO
YES,2.10526315789474,0,NO
YES,2.10526315789474,0,NO
NO, 0, 0, NO
NO, 0, 0, NO
NO, 0, 0, NO
0, 0, 0, 0, 0, 0, 0, 0, 0, 0, 0, 0, 0, 0, 0, 0, 0, 0, 0, 0, 0, 0, 0, 0, 0, 0, 0, 0, 0, 0, 0
ばね特性5~98,ELEMENT,SPG,0, 0.5, NO,0, 0.5, NO,0.5, 0.5, 0,0,
YES,100000,0,NO
YES,4.21052631578947,0,NO
YES,4.21052631578947,0,NO
NO, 0, 0, NO
NO, 0, 0, NO
NO, 0, 0, NO
0, 0, 0, 0, 0, 0, 0, 0, 0, 0, 0, 0, 0, 0, 0, 0, 0, 0, 0, 0, 0, 0, 0, 0, 0, 0, 0, 0, 0, 0, 0
ばね特性2~49,ELEMENT,SPG,0, 0.5, NO,0, 0.5, NO,0.5, 0.5, 0,0,
YES,100000,0,NO
YES,0.789473684210527,0,NO
YES,0.789473684210527,0,NO
NO, 0, 0, NO
NO, 0, 0, NO
NO, 0, 0, NO
0, 0, 0, 0, 0, 0, 0, 0, 0, 0, 0, 0, 0, 0, 0, 0, 0, 0, 0, 0, 0, 0, 0, 0, 0, 0, 0, 0, 0, 0, 0
ばね特性4~63,ELEMENT,SPG,0, 0.5, NO,0, 0.5, NO,0.5, 0.5, 0,0,
YES,100000,0,NO
YES,2.10526315789474,0,NO
YES,2.10526315789474,0,NO
NO, 0, 0, NO
NO, 0, 0, NO
NO, 0, 0, NO
0, 0, 0, 0, 0, 0, 0, 0, 0, 0, 0, 0, 0, 0, 0, 0, 0, 0, 0, 0, 0, 0, 0, 0, 0, 0, 0, 0, 0, 0, 0
ばね特性5~99,ELEMENT,SPG,0, 0.5, NO,0, 0.5, NO,0.5, 0.5, 0,0,
YES,100000,0,NO
YES,4.21052631578947,0,NO
YES,4.21052631578947,0,NO
NO, 0, 0, NO
NO, 0, 0, NO
NO, 0, 0, NO
0, 0, 0, 0, 0, 0, 0, 0, 0, 0, 0, 0, 0, 0, 0, 0, 0, 0, 0, 0, 0, 0, 0, 0, 0, 0, 0, 0, 0, 0, 0
ばね特性2~50,ELEMENT,SPG,0, 0.5, NO,0, 0.5, NO,0.5, 0.5, 0,0,
YES,100000,0,NO
YES,0.789473684210527,0,NO
YES,0.789473684210527,0,NO
NO, 0, 0, NO
NO, 0, 0, NO
NO, 0, 0, NO
0, 0, 0, 0, 0, 0, 0, 0, 0, 0, 0, 0, 0, 0, 0, 0, 0, 0, 0, 0, 0, 0, 0, 0, 0, 0, 0, 0, 0, 0, 0
ばね特性4~64,ELEMENT,SPG,0, 0.5, NO,0, 0.5, NO,0.5, 0.5, 0,0,
YES,100000,0,NO
YES,2.10526315789474,0,NO
YES,2.10526315789474,0,NO
NO, 0, 0, NO
NO, 0, 0, NO
NO, 0, 0, NO
0, 0, 0, 0, 0, 0, 0, 0, 0, 0, 0, 0, 0, 0, 0, 0, 0, 0, 0, 0, 0, 0, 0, 0, 0, 0, 0, 0, 0, 0, 0
ばね特性4~65,ELEMENT,SPG,0, 0.5, NO,0, 0.5, NO,0.5, 0.5, 0,0,
YES,100000,0,NO
YES,2.10526315789474,0,NO
YES,2.10526315789474,0,NO
NO, 0, 0, NO
NO, 0, 0, NO
NO, 0, 0, NO
0, 0, 0, 0, 0, 0, 0, 0, 0, 0, 0, 0, 0, 0, 0, 0, 0, 0, 0, 0, 0, 0, 0, 0, 0, 0, 0, 0, 0, 0, 0
ばね特性1~16,ELEMENT,SPG,0, 0.5, NO,0, 0.5, NO,0.5, 0.5, 0,0,
YES,100000,0,NO
YES,0.394736842105263,0,NO
YES,0.394736842105263,0,NO
NO, 0, 0, NO
NO, 0, 0, NO
NO, 0, 0, NO
0, 0, 0, 0, 0, 0, 0, 0, 0, 0, 0, 0, 0, 0, 0, 0, 0, 0, 0, 0, 0, 0, 0, 0, 0, 0, 0, 0, 0, 0, 0
ばね特性4~66,ELEMENT,SPG,0, 0.5, NO,0, 0.5, NO,0.5, 0.5, 0,0,
YES,100000,0,NO
YES,2.10526315789474,0,NO
YES,2.10526315789474,0,NO
NO, 0, 0, NO
NO, 0, 0, NO
NO, 0, 0, NO
0, 0, 0, 0, 0, 0, 0, 0, 0, 0, 0, 0, 0, 0, 0, 0, 0, 0, 0, 0, 0, 0, 0, 0, 0, 0, 0, 0, 0, 0, 0